  -1.0999984e+01   6.0749153e-06  -8.9792381e-06
  -1.0999784e+01  -4.9391961e-04   9.1036886e-05
  -1.0999584e+01  -9.9391413e-04   1.9105301e-04
  -1.0999384e+01  -1.4939087e-03   2.9106914e-04
  -1.0999184e+01  -1.9939032e-03   3.9108526e-04
  -1.0998984e+01  -2.4938977e-03   4.9110138e-04
  -1.0998784e+01  -2.9938922e-03   5.9111751e-04
  -1.0998584e+01  -3.4938868e-03   6.9113363e-04
  -1.0998384e+01  -3.9938813e-03   7.9114976e-04
  -1.0998184e+01  -4.4938758e-03   8.9116588e-04
  -1.0997984e+01  -4.9938703e-03   9.9118201e-04
  -1.0997784e+01  -5.4938649e-03   1.0911981e-03
  -1.0997584e+01  -5.9938594e-03   1.1912143e-03
  -1.0997384e+01  -6.4938539e-03   1.2912304e-03
  -1.0997184e+01  -6.9938484e-03   1.3912465e-03
  -1.0996984e+01  -7.4938430e-03   1.4912626e-03
  -1.0996784e+01  -7.9938375e-03   1.5912788e-03
  -1.0996584e+01  -8.4938320e-03   1.6912949e-03
  -1.0996384e+01  -8.9938265e-03   1.7913110e-03
  -1.0996184e+01  -9.4938210e-03   1.8913271e-03
  -1.0995984e+01  -9.9938156e-03   1.9913433e-03
  -1.0995784e+01  -1.0493810e-02   2.0913594e-03
  -1.0995584e+01  -1.0993805e-02   2.1913755e-03
  -1.0995384e+01  -1.1493799e-02   2.2913916e-03
  -1.0995184e+01  -1.1993794e-02   2.3914077e-03
  -1.0994984e+01  -1.2493788e-02   2.4914239e-03
  -1.0994784e+01  -1.2993783e-02   2.5914400e-03
  -1.0994584e+01  -1.3493777e-02   2.6914561e-03
  -1.0994384e+01  -1.3993772e-02   2.7914722e-03
  -1.0994184e+01  -1.4493766e-02   2.8914884e-03
  -1.0993984e+01  -1.4993761e-02   2.9915045e-03
  -1.0993784e+01  -1.5493755e-02   3.0915206e-03
  -1.0993584e+01  -1.5993750e-02   3.1915367e-03
  -1.0993384e+01  -1.6493744e-02   3.2915529e-03
  -1.0993184e+01  -1.6993739e-02   3.3915690e-03
  -1.0992984e+01  -1.7493733e-02   3.4915851e-03
  -1.0992784e+01  -1.7993728e-02   3.5916012e-03
  -1.0992584e+01  -1.8493722e-02   3.6916174e-03
  -1.0992384e+01  -1.8993717e-02   3.7916335e-03
  -1.0992184e+01  -1.9493712e-02   3.8916496e-03
  -1.0991984e+01  -1.9993706e-02   3.9916657e-03
  -1.0991784e+01  -2.0493701e-02   4.0916819e-03
  -1.0991584e+01  -2.0993695e-02   4.1916980e-03
  -1.0991384e+01  -2.1493690e-02   4.2917141e-03
  -1.0991184e+01  -2.1993684e-02   4.3917302e-03
  -1.0990984e+01  -2.2493679e-02   4.4917464e-03
  -1.0990784e+01  -2.2993673e-02   4.5917625e-03
  -1.0990584e+01  -2.3493668e-02   4.6917786e-03
  -1.0990384e+01  -2.3993662e-02   4.7917947e-03
  -1.0990184e+01  -2.4493657e-02   4.8918109e-03
  -1.0989984e+01  -2.4993651e-02   4.9918270e-03
  -1.0989784e+01  -2.5493646e-02   5.0918431e-03
  -1.0989584e+01  -2.5993640e-02   5.1918592e-03
  -1.0989384e+01  -2.6493635e-02   5.2918754e-03
  -1.0989184e+01  -2.6993629e-02   5.3918915e-03
  -1.0988984e+01  -2.7493624e-02   5.4919076e-03
  -1.0988784e+01  -2.7993618e-02   5.5919237e-03
  -1.0988584e+01  -2.8493613e-02   5.6919399e-03
  -1.0988384e+01  -2.8993607e-02   5.7919560e-03
  -1.0988184e+01  -2.9493602e-02   5.8919721e-03
  -1.0987984e+01  -2.9993597e-02   5.9919882e-03
  -1.0987784e+01  -3.0493591e-02   6.0920044e-03
  -1.0987584e+01  -3.0993586e-02   6.1920205e-03
  -1.0987384e+01  -3.1493580e-02   6.2920366e-03
  -1.0987184e+01  -3.1993575e-02   6.3920527e-03
  -1.0986984e+01  -3.2493569e-02   6.4920688e-03
  -1.0986784e+01  -3.2993564e-02   6.5920850e-03
  -1.0986584e+01  -3.3493558e-02   6.6921011e-03
  -1.0986384e+01  -3.3993553e-02   6.7921172e-03
  -1.0986185e+01  -3.4493547e-02   6.8921333e-03
  -1.0985985e+01  -3.4993542e-02   6.9921495e-03
  -1.0985785e+01  -3.5493536e-02   7.0921656e-03
  -1.0985585e+01  -3.5993531e-02   7.1921817e-03
  -1.0985385e+01  -3.6493525e-02   7.2921978e-03
  -1.0985185e+01  -3.6993520e-02   7.3922140e-03
  -1.0984985e+01  -3.7493514e-02   7.4922301e-03
  -1.0984785e+01  -3.7993509e-02   7.5922462e-03
  -1.0984585e+01  -3.8493503e-02   7.6922623e-03
  -1.0984385e+01  -3.8993498e-02   7.7922785e-03
  -1.0984185e+01  -3.9493493e-02   7.8922946e-03
  -1.0983985e+01  -3.9993487e-02   7.9923107e-03
  -1.0983785e+01  -4.0493482e-02   8.0923268e-03
  -1.0983585e+01  -4.0993476e-02   8.1923430e-03
  -1.0983385e+01  -4.1493471e-02   8.2923591e-03
  -1.0983185e+01  -4.1993465e-02   8.3923752e-03
  -1.0982985e+01  -4.2493460e-02   8.4923913e-03
  -1.0982785e+01  -4.2993454e-02   8.5924075e-03
  -1.0982585e+01  -4.3493449e-02   8.6924236e-03
  -1.0982385e+01  -4.3993443e-02   8.7924397e-03
  -1.0982185e+01  -4.4493438e-02   8.8924558e-03
  -1.0981985e+01  -4.4993432e-02   8.9924720e-03
  -1.0981785e+01  -4.5493427e-02   9.0924881e-03
  -1.0981585e+01  -4.5993421e-02   9.1925042e-03
  -1.0981385e+01  -4.6493416e-02   9.2925203e-03
  -1.0981185e+01  -4.6993410e-02   9.3925365e-03
  -1.0980985e+01  -4.7493405e-02   9.4925526e-03
  -1.0980785e+01  -4.7993399e-02   9.5925687e-03
  -1.0980585e+01  -4.8493394e-02   9.6925848e-03
  -1.0980385e+01  -4.8993388e-02   9.7926010e-03
  -1.0980185e+01  -4.9493383e-02   9.8926171e-03
  -1.0979985e+01  -4.9993378e-02   9.9926332e-03
  -1.0979785e+01  -5.0493372e-02   1.0092649e-02
  -1.0979585e+01  -5.0993367e-02   1.0192665e-02
  -1.0979385e+01  -5.1493361e-02   1.0292682e-02
  -1.0979185e+01  -5.1993356e-02   1.0392698e-02
  -1.0978985e+01  -5.2493350e-02   1.0492714e-02
  -1.0978785e+01  -5.2993345e-02   1.0592730e-02
  -1.0978585e+01  -5.3493339e-02   1.0692746e-02
  -1.0978385e+01  -5.3993334e-02   1.0792762e-02
  -1.0978185e+01  -5.4493328e-02   1.0892778e-02
  -1.0977985e+01  -5.4993323e-02   1.0992794e-02
  -1.0977785e+01  -5.5493317e-02   1.1092811e-02
  -1.0977585e+01  -5.5993312e-02   1.1192827e-02
  -1.0977385e+01  -5.6493306e-02   1.1292843e-02
  -1.0977185e+01  -5.6993301e-02   1.1392859e-02
  -1.0976985e+01  -5.7493295e-02   1.1492875e-02
  -1.0976785e+01  -5.7993290e-02   1.1592891e-02
  -1.0976585e+01  -5.8493284e-02   1.1692907e-02
  -1.0976385e+01  -5.8993279e-02   1.1792923e-02
  -1.0976185e+01  -5.9493273e-02   1.1892940e-02
  -1.0975985e+01  -5.9993268e-02   1.1992956e-02
  -1.0975785e+01  -6.0493263e-02   1.2092972e-02
  -1.0975585e+01  -6.0993257e-02   1.2192988e-02
  -1.0975385e+01  -6.1493252e-02   1.2293004e-02
  -1.0975185e+01  -6.1993246e-02   1.2393020e-02
  -1.0974985e+01  -6.2493241e-02   1.2493036e-02
  -1.0974785e+01  -6.2993235e-02   1.2593052e-02
  -1.0974585e+01  -6.3493230e-02   1.2693069e-02
  -1.0974385e+01  -6.3993224e-02   1.2793085e-02
  -1.0974185e+01  -6.4493219e-02   1.2893101e-02
  -1.0973985e+01  -6.4993213e-02   1.2993117e-02
  -1.0973785e+01  -6.5493208e-02   1.3093133e-02
  -1.0973585e+01  -6.5993202e-02   1.3193149e-02
  -1.0973385e+01  -6.6493197e-02   1.3293165e-02
  -1.0973185e+01  -6.6993191e-02   1.3393181e-02
  -1.0972985e+01  -6.7493186e-02   1.3493198e-02
  -1.0972785e+01  -6.7993180e-02   1.3593214e-02
  -1.0972585e+01  -6.8493175e-02   1.3693230e-02
  -1.0972385e+01  -6.8993169e-02   1.3793246e-02
  -1.0972185e+01  -6.9493164e-02   1.3893262e-02
  -1.0971985e+01  -6.9993158e-02   1.3993278e-02
  -1.0971785e+01  -7.0493153e-02   1.4093294e-02
  -1.0971585e+01  -7.0993148e-02   1.4193310e-02
  -1.0971385e+01  -7.1493142e-02   1.4293327e-02
  -1.0971185e+01  -7.1993137e-02   1.4393343e-02
  -1.0970985e+01  -7.2493131e-02   1.4493359e-02
  -1.0970785e+01  -7.2993126e-02   1.4593375e-02
  -1.0970585e+01  -7.3493120e-02   1.4693391e-02
  -1.0970385e+01  -7.3993115e-02   1.4793407e-02
  -1.0970185e+01  -7.4493109e-02   1.4893423e-02
  -1.0969985e+01  -7.4993104e-02   1.4993439e-02
  -1.0969785e+01  -7.5493098e-02   1.5093456e-02
  -1.0969585e+01  -7.5993093e-02   1.5193472e-02
  -1.0969385e+01  -7.6493087e-02   1.5293488e-02
  -1.0969185e+01  -7.6993082e-02   1.5393504e-02
  -1.0968985e+01  -7.7493076e-02   1.5493520e-02
  -1.0968785e+01  -7.7993071e-02   1.5593536e-02
  -1.0968585e+01  -7.8493065e-02   1.5693552e-02
  -1.0968385e+01  -7.8993060e-02   1.5793568e-02
  -1.0968185e+01  -7.9493054e-02   1.5893585e-02
  -1.0967985e+01  -7.9993049e-02   1.5993601e-02
  -1.0967785e+01  -8.0493044e-02   1.6093617e-02
  -1.0967585e+01  -8.0993038e-02   1.6193633e-02
  -1.0967385e+01  -8.1493033e-02   1.6293649e-02
  -1.0967185e+01  -8.1993027e-02   1.6393665e-02
  -1.0966985e+01  -8.2493022e-02   1.6493681e-02
  -1.0966785e+01  -8.2993016e-02   1.6593697e-02
  -1.0966585e+01  -8.3493011e-02   1.6693714e-02
  -1.0966385e+01  -8.3993005e-02   1.6793730e-02
  -1.0966185e+01  -8.4493000e-02   1.6893746e-02
  -1.0965985e+01  -8.4992994e-02   1.6993762e-02
  -1.0965785e+01  -8.5492989e-02   1.7093778e-02
  -1.0965585e+01  -8.5992983e-02   1.7193794e-02
  -1.0965385e+01  -8.6492978e-02   1.7293810e-02
  -1.0965185e+01  -8.6992972e-02   1.7393826e-02
  -1.0964985e+01  -8.7492967e-02   1.7493843e-02
  -1.0964785e+01  -8.7992961e-02   1.7593859e-02
  -1.0964585e+01  -8.8492956e-02   1.7693875e-02
  -1.0964385e+01  -8.8992950e-02   1.7793891e-02
  -1.0964185e+01  -8.9492945e-02   1.7893907e-02
  -1.0963985e+01  -8.9992939e-02   1.7993923e-02
  -1.0963785e+01  -9.0492934e-02   1.8093939e-02
  -1.0963585e+01  -9.0992929e-02   1.8193955e-02
  -1.0963385e+01  -9.1492923e-02   1.8293972e-02
  -1.0963185e+01  -9.1992918e-02   1.8393988e-02
  -1.0962985e+01  -9.2492912e-02   1.8494004e-02
  -1.0962785e+01  -9.2992907e-02   1.8594020e-02
  -1.0962585e+01  -9.3492901e-02   1.8694036e-02
  -1.0962385e+01  -9.3992896e-02   1.8794052e-02
  -1.0962185e+01  -9.4492890e-02   1.8894068e-02
  -1.0961985e+01  -9.4992885e-02   1.8994084e-02
  -1.0961785e+01  -9.5492879e-02   1.9094101e-02
  -1.0961585e+01  -9.5992874e-02   1.9194117e-02
  -1.0961385e+01  -9.6492868e-02   1.9294133e-02
  -1.0961185e+01  -9.6992863e-02   1.9394149e-02
  -1.0960985e+01  -9.7492857e-02   1.9494165e-02
  -1.0960785e+01  -9.7992852e-02   1.9594181e-02
  -1.0960585e+01  -9.8492846e-02   1.9694197e-02
  -1.0960385e+01  -9.8992841e-02   1.9794213e-02
  -1.0960185e+01  -9.9492835e-02   1.9894230e-02
  -1.0959985e+01  -9.9992830e-02   1.9994246e-02
  -1.0959785e+01  -1.0049282e-01   2.0094262e-02
  -1.0959585e+01  -1.0099282e-01   2.0194278e-02
  -1.0959385e+01  -1.0149281e-01   2.0294294e-02
  -1.0959185e+01  -1.0199281e-01   2.0394310e-02
  -1.0958985e+01  -1.0249280e-01   2.0494326e-02
  -1.0958785e+01  -1.0299280e-01   2.0594342e-02
  -1.0958585e+01  -1.0349279e-01   2.0694359e-02
  -1.0958385e+01  -1.0399279e-01   2.0794375e-02
  -1.0958185e+01  -1.0449278e-01   2.0894391e-02
  -1.0957985e+01  -1.0499278e-01   2.0994407e-02
  -1.0957785e+01  -1.0549277e-01   2.1094423e-02
  -1.0957585e+01  -1.0599276e-01   2.1194439e-02
  -1.0957385e+01  -1.0649276e-01   2.1294455e-02
  -1.0957185e+01  -1.0699275e-01   2.1394471e-02
  -1.0956985e+01  -1.0749275e-01   2.1494488e-02
  -1.0956785e+01  -1.0799274e-01   2.1594504e-02
  -1.0956585e+01  -1.0849274e-01   2.1694520e-02
  -1.0956385e+01  -1.0899273e-01   2.1794536e-02
  -1.0956185e+01  -1.0949273e-01   2.1894552e-02
  -1.0955985e+01  -1.0999272e-01   2.1994568e-02
  -1.0955785e+01  -1.1049271e-01   2.2094584e-02
  -1.0955585e+01  -1.1099271e-01   2.2194600e-02
  -1.0955385e+01  -1.1149270e-01   2.2294617e-02
  -1.0955185e+01  -1.1199270e-01   2.2394633e-02
  -1.0954985e+01  -1.1249269e-01   2.2494649e-02
  -1.0954785e+01  -1.1299269e-01   2.2594665e-02
  -1.0954586e+01  -1.1349268e-01   2.2694681e-02
  -1.0954386e+01  -1.1399268e-01   2.2794697e-02
  -1.0954186e+01  -1.1449267e-01   2.2894713e-02
  -1.0953986e+01  -1.1499267e-01   2.2994729e-02
  -1.0953786e+01  -1.1549266e-01   2.3094746e-02
  -1.0953586e+01  -1.1599265e-01   2.3194762e-02
  -1.0953386e+01  -1.1649265e-01   2.3294778e-02
  -1.0953186e+01  -1.1699264e-01   2.3394794e-02
  -1.0952986e+01  -1.1749264e-01   2.3494810e-02
  -1.0952786e+01  -1.1799263e-01   2.3594826e-02
  -1.0952586e+01  -1.1849263e-01   2.3694842e-02
  -1.0952386e+01  -1.1899262e-01   2.3794858e-02
  -1.0952186e+01  -1.1949262e-01   2.3894875e-02
  -1.0951986e+01  -1.1999261e-01   2.3994891e-02
  -1.0951786e+01  -1.2049261e-01   2.4094907e-02
  -1.0951586e+01  -1.2099260e-01   2.4194923e-02
  -1.0951386e+01  -1.2149259e-01   2.4294939e-02
  -1.0951186e+01  -1.2199259e-01   2.4394955e-02
  -1.0950986e+01  -1.2249258e-01   2.4494971e-02
  -1.0950786e+01  -1.2299258e-01   2.4594987e-02
  -1.0950586e+01  -1.2349257e-01   2.4695003e-02
  -1.0950386e+01  -1.2399257e-01   2.4795020e-02
  -1.0950186e+01  -1.2449256e-01   2.4895036e-02
  -1.0949986e+01  -1.2499256e-01   2.4995052e-02
  -1.0949786e+01  -1.2549255e-01   2.5095068e-02
  -1.0949586e+01  -1.2599255e-01   2.5195084e-02
  -1.0949386e+01  -1.2649254e-01   2.5295100e-02
  -1.0949186e+01  -1.2699253e-01   2.5395116e-02
  -1.0948986e+01  -1.2749253e-01   2.5495132e-02
  -1.0948786e+01  -1.2799252e-01   2.5595149e-02
  -1.0948586e+01  -1.2849252e-01   2.5695165e-02
  -1.0948386e+01  -1.2899251e-01   2.5795181e-02
  -1.0948186e+01  -1.2949251e-01   2.5895197e-02
  -1.0947986e+01  -1.2999250e-01   2.5995213e-02
  -1.0947786e+01  -1.3049250e-01   2.6095229e-02
  -1.0947586e+01  -1.3099249e-01   2.6195245e-02
  -1.0947386e+01  -1.3149248e-01   2.6295261e-02
  -1.0947186e+01  -1.3199248e-01   2.6395278e-02
  -1.0946986e+01  -1.3249247e-01   2.6495294e-02
  -1.0946786e+01  -1.3299247e-01   2.6595310e-02
  -1.0946586e+01  -1.3349246e-01   2.6695326e-02
  -1.0946386e+01  -1.3399246e-01   2.6795342e-02
  -1.0946186e+01  -1.3449245e-01   2.6895358e-02
  -1.0945986e+01  -1.3499245e-01   2.6995374e-02
  -1.0945786e+01  -1.3549244e-01   2.7095390e-02
  -1.0945586e+01  -1.3599244e-01   2.7195407e-02
  -1.0945386e+01  -1.3649243e-01   2.7295423e-02
  -1.0945186e+01  -1.3699242e-01   2.7395439e-02
  -1.0944986e+01  -1.3749242e-01   2.7495455e-02
  -1.0944786e+01  -1.3799241e-01   2.7595471e-02
  -1.0944586e+01  -1.3849241e-01   2.7695487e-02
  -1.0944386e+01  -1.3899240e-01   2.7795503e-02
  -1.0944186e+01  -1.3949240e-01   2.7895519e-02
  -1.0943986e+01  -1.3999239e-01   2.7995536e-02
  -1.0943786e+01  -1.4049239e-01   2.8095552e-02
  -1.0943586e+01  -1.4099238e-01   2.8195568e-02
  -1.0943386e+01  -1.4149238e-01   2.8295584e-02
  -1.0943186e+01  -1.4199237e-01   2.8395600e-02
  -1.0942986e+01  -1.4249236e-01   2.8495616e-02
  -1.0942786e+01  -1.4299236e-01   2.8595632e-02
  -1.0942586e+01  -1.4349235e-01   2.8695648e-02
  -1.0942386e+01  -1.4399235e-01   2.8795665e-02
  -1.0942186e+01  -1.4449234e-01   2.8895681e-02
  -1.0941986e+01  -1.4499234e-01   2.8995697e-02
  -1.0941786e+01  -1.4549233e-01   2.9095713e-02
  -1.0941586e+01  -1.4599233e-01   2.9195729e-02
  -1.0941386e+01  -1.4649232e-01   2.9295745e-02
  -1.0941186e+01  -1.4699232e-01   2.9395761e-02
  -1.0940986e+01  -1.4749231e-01   2.9495777e-02
  -1.0940786e+01  -1.4799230e-01   2.9595794e-02
  -1.0940586e+01  -1.4849230e-01   2.9695810e-02
  -1.0940386e+01  -1.4899229e-01   2.9795826e-02
  -1.0940186e+01  -1.4949229e-01   2.9895842e-02
  -1.0939986e+01  -1.4999228e-01   2.9995858e-02
  -1.0939786e+01  -1.5049228e-01   3.0095874e-02
  -1.0939586e+01  -1.5099227e-01   3.0195890e-02
  -1.0939386e+01  -1.5149227e-01   3.0295906e-02
  -1.0939186e+01  -1.5199226e-01   3.0395923e-02
  -1.0938986e+01  -1.5249226e-01   3.0495939e-02
  -1.0938786e+01  -1.5299225e-01   3.0595955e-02
  -1.0938586e+01  -1.5349224e-01   3.0695971e-02
  -1.0938386e+01  -1.5399224e-01   3.0795987e-02
  -1.0938186e+01  -1.5449223e-01   3.0896003e-02
  -1.0937986e+01  -1.5499223e-01   3.0996019e-02
  -1.0937786e+01  -1.5549222e-01   3.1096035e-02
  -1.0937586e+01  -1.5599222e-01   3.1196052e-02
  -1.0937386e+01  -1.5649221e-01   3.1296068e-02
  -1.0937186e+01  -1.5699221e-01   3.1396084e-02
  -1.0936986e+01  -1.5749220e-01   3.1496100e-02
  -1.0936786e+01  -1.5799219e-01   3.1596116e-02
  -1.0936586e+01  -1.5849219e-01   3.1696132e-02
  -1.0936386e+01  -1.5899218e-01   3.1796148e-02
  -1.0936186e+01  -1.5949218e-01   3.1896164e-02
  -1.0935986e+01  -1.5999217e-01   3.1996181e-02
  -1.0935786e+01  -1.6049217e-01   3.2096197e-02
  -1.0935586e+01  -1.6099216e-01   3.2196213e-02
  -1.0935386e+01  -1.6149216e-01   3.2296229e-02
  -1.0935186e+01  -1.6199215e-01   3.2396245e-02
  -1.0934986e+01  -1.6249215e-01   3.2496261e-02
  -1.0934786e+01  -1.6299214e-01   3.2596277e-02
  -1.0934586e+01  -1.6349213e-01   3.2696293e-02
  -1.0934386e+01  -1.6399213e-01   3.2796310e-02
  -1.0934186e+01  -1.6449212e-01   3.2896326e-02
  -1.0933986e+01  -1.6499212e-01   3.2996342e-02
  -1.0933786e+01  -1.6549211e-01   3.3096358e-02
  -1.0933586e+01  -1.6599211e-01   3.3196374e-02
  -1.0933386e+01  -1.6649210e-01   3.3296390e-02
  -1.0933186e+01  -1.6699210e-01   3.3396406e-02
  -1.0932986e+01  -1.6749209e-01   3.3496422e-02
  -1.0932786e+01  -1.6799209e-01   3.3596439e-02
  -1.0932586e+01  -1.6849208e-01   3.3696455e-02
  -1.0932386e+01  -1.6899207e-01   3.3796471e-02
  -1.0932186e+01  -1.6949207e-01   3.3896487e-02
  -1.0931986e+01  -1.6999206e-01   3.3996503e-02
  -1.0931786e+01  -1.7049206e-01   3.4096519e-02
  -1.0931586e+01  -1.7099205e-01   3.4196535e-02
  -1.0931386e+01  -1.7149205e-01   3.4296551e-02
  -1.0931186e+01  -1.7199204e-01   3.4396568e-02
  -1.0930986e+01  -1.7249204e-01   3.4496584e-02
  -1.0930786e+01  -1.7299203e-01   3.4596600e-02
  -1.0930586e+01  -1.7349203e-01   3.4696616e-02
  -1.0930386e+01  -1.7399202e-01   3.4796632e-02
  -1.0930186e+01  -1.7449201e-01   3.4896648e-02
  -1.0929986e+01  -1.7499201e-01   3.4996664e-02
  -1.0929786e+01  -1.7549200e-01   3.5096680e-02
  -1.0929586e+01  -1.7599200e-01   3.5196697e-02
  -1.0929386e+01  -1.7649199e-01   3.5296713e-02
  -1.0929186e+01  -1.7699199e-01   3.5396729e-02
  -1.0928986e+01  -1.7749198e-01   3.5496745e-02
  -1.0928786e+01  -1.7799198e-01   3.5596761e-02
  -1.0928586e+01  -1.7849197e-01   3.5696777e-02
  -1.0928386e+01  -1.7899196e-01   3.5796793e-02
  -1.0928186e+01  -1.7949196e-01   3.5896809e-02
  -1.0927986e+01  -1.7999195e-01   3.5996826e-02
  -1.0927786e+01  -1.8049195e-01   3.6096842e-02
  -1.0927586e+01  -1.8099194e-01   3.6196858e-02
  -1.0927386e+01  -1.8149194e-01   3.6296874e-02
  -1.0927186e+01  -1.8199193e-01   3.6396890e-02
  -1.0926986e+01  -1.8249193e-01   3.6496906e-02
  -1.0926786e+01  -1.8299192e-01   3.6596922e-02
  -1.0926586e+01  -1.8349192e-01   3.6696938e-02
  -1.0926386e+01  -1.8399191e-01   3.6796955e-02
  -1.0926186e+01  -1.8449190e-01   3.6896971e-02
  -1.0925986e+01  -1.8499190e-01   3.6996987e-02
  -1.0925786e+01  -1.8549189e-01   3.7097003e-02
  -1.0925586e+01  -1.8599189e-01   3.7197019e-02
  -1.0925386e+01  -1.8649188e-01   3.7297035e-02
  -1.0925186e+01  -1.8699188e-01   3.7397051e-02
  -1.0924986e+01  -1.8749187e-01   3.7497067e-02
  -1.0924786e+01  -1.8799187e-01   3.7597084e-02
  -1.0924586e+01  -1.8849186e-01   3.7697100e-02
  -1.0924386e+01  -1.8899186e-01   3.7797116e-02
  -1.0924186e+01  -1.8949185e-01   3.7897132e-02
  -1.0923986e+01  -1.8999184e-01   3.7997148e-02
  -1.0923786e+01  -1.9049184e-01   3.8097164e-02
  -1.0923586e+01  -1.9099183e-01   3.8197180e-02
  -1.0923386e+01  -1.9149183e-01   3.8297196e-02
  -1.0923186e+01  -1.9199182e-01   3.8397213e-02
  -1.0922987e+01  -1.9249182e-01   3.8497229e-02
  -1.0922787e+01  -1.9299181e-01   3.8597245e-02
  -1.0922587e+01  -1.9349181e-01   3.8697261e-02
  -1.0922387e+01  -1.9399180e-01   3.8797277e-02
  -1.0922187e+01  -1.9449180e-01   3.8897293e-02
  -1.0921987e+01  -1.9499179e-01   3.8997309e-02
  -1.0921787e+01  -1.9549178e-01   3.9097325e-02
  -1.0921587e+01  -1.9599178e-01   3.9197342e-02
  -1.0921387e+01  -1.9649177e-01   3.9297358e-02
  -1.0921187e+01  -1.9699177e-01   3.9397374e-02
  -1.0920987e+01  -1.9749176e-01   3.9497390e-02
  -1.0920787e+01  -1.9799176e-01   3.9597406e-02
  -1.0920587e+01  -1.9849175e-01   3.9697422e-02
  -1.0920387e+01  -1.9899175e-01   3.9797438e-02
  -1.0920187e+01  -1.9949174e-01   3.9897454e-02
  -1.0919987e+01  -1.9999173e-01   3.9997471e-02
  -1.0919787e+01  -2.0049173e-01   4.0097487e-02
  -1.0919587e+01  -2.0099172e-01   4.0197503e-02
  -1.0919387e+01  -2.0149172e-01   4.0297519e-02
  -1.0919187e+01  -2.0199171e-01   4.0397535e-02
  -1.0918987e+01  -2.0249171e-01   4.0497551e-02
  -1.0918787e+01  -2.0299170e-01   4.0597567e-02
  -1.0918587e+01  -2.0349170e-01   4.0697583e-02
  -1.0918387e+01  -2.0399169e-01   4.0797600e-02
  -1.0918187e+01  -2.0449169e-01   4.0897616e-02
  -1.0917987e+01  -2.0499168e-01   4.0997632e-02
  -1.0917787e+01  -2.0549167e-01   4.1097648e-02
  -1.0917587e+01  -2.0599167e-01   4.1197664e-02
  -1.0917387e+01  -2.0649166e-01   4.1297680e-02
  -1.0917187e+01  -2.0699166e-01   4.1397696e-02
  -1.0916987e+01  -2.0749165e-01   4.1497712e-02
  -1.0916787e+01  -2.0799165e-01   4.1597729e-02
  -1.0916587e+01  -2.0849164e-01   4.1697745e-02
  -1.0916387e+01  -2.0899164e-01   4.1797761e-02
  -1.0916187e+01  -2.0949163e-01   4.1897777e-02
  -1.0915987e+01  -2.0999163e-01   4.1997793e-02
  -1.0915787e+01  -2.1049162e-01   4.2097809e-02
  -1.0915587e+01  -2.1099161e-01   4.2197825e-02
  -1.0915387e+01  -2.1149161e-01   4.2297841e-02
  -1.0915187e+01  -2.1199160e-01   4.2397858e-02
  -1.0914987e+01  -2.1249160e-01   4.2497874e-02
  -1.0914787e+01  -2.1299159e-01   4.2597890e-02
  -1.0914587e+01  -2.1349159e-01   4.2697906e-02
  -1.0914387e+01  -2.1399158e-01   4.2797922e-02
  -1.0914187e+01  -2.1449158e-01   4.2897938e-02
  -1.0913987e+01  -2.1499157e-01   4.2997954e-02
  -1.0913787e+01  -2.1549157e-01   4.3097970e-02
  -1.0913587e+01  -2.1599156e-01   4.3197987e-02
  -1.0913387e+01  -2.1649155e-01   4.3298003e-02
  -1.0913187e+01  -2.1699155e-01   4.3398019e-02
  -1.0912987e+01  -2.1749154e-01   4.3498035e-02
  -1.0912787e+01  -2.1799154e-01   4.3598051e-02
  -1.0912587e+01  -2.1849153e-01   4.3698067e-02
  -1.0912387e+01  -2.1899153e-01   4.3798083e-02
  -1.0912187e+01  -2.1949152e-01   4.3898099e-02
  -1.0911987e+01  -2.1999152e-01   4.3998116e-02
  -1.0911787e+01  -2.2049151e-01   4.4098132e-02
  -1.0911587e+01  -2.2099150e-01   4.4198148e-02
  -1.0911387e+01  -2.2149150e-01   4.4298164e-02
  -1.0911187e+01  -2.2199149e-01   4.4398180e-02
  -1.0910987e+01  -2.2249149e-01   4.4498196e-02
  -1.0910787e+01  -2.2299148e-01   4.4598212e-02
  -1.0910587e+01  -2.2349148e-01   4.4698228e-02
  -1.0910387e+01  -2.2399147e-01   4.4798245e-02
  -1.0910187e+01  -2.2449147e-01   4.4898261e-02
  -1.0909987e+01  -2.2499146e-01   4.4998277e-02
  -1.0909787e+01  -2.2549146e-01   4.5098293e-02
  -1.0909587e+01  -2.2599145e-01   4.5198309e-02
  -1.0909387e+01  -2.2649144e-01   4.5298325e-02
  -1.0909187e+01  -2.2699144e-01   4.5398341e-02
  -1.0908987e+01  -2.2749143e-01   4.5498357e-02
  -1.0908787e+01  -2.2799143e-01   4.5598374e-02
  -1.0908587e+01  -2.2849142e-01   4.5698390e-02
  -1.0908387e+01  -2.2899142e-01   4.5798406e-02
  -1.0908187e+01  -2.2949141e-01   4.5898422e-02
  -1.0907987e+01  -2.2999141e-01   4.5998438e-02
  -1.0907787e+01  -2.3049140e-01   4.6098454e-02
  -1.0907587e+01  -2.3099140e-01   4.6198470e-02
  -1.0907387e+01  -2.3149139e-01   4.6298486e-02
  -1.0907187e+01  -2.3199138e-01   4.6398502e-02
  -1.0906987e+01  -2.3249138e-01   4.6498519e-02
  -1.0906787e+01  -2.3299137e-01   4.6598535e-02
  -1.0906587e+01  -2.3349137e-01   4.6698551e-02
  -1.0906387e+01  -2.3399136e-01   4.6798567e-02
  -1.0906187e+01  -2.3449136e-01   4.6898583e-02
  -1.0905987e+01  -2.3499135e-01   4.6998599e-02
  -1.0905787e+01  -2.3549135e-01   4.7098615e-02
  -1.0905587e+01  -2.3599134e-01   4.7198631e-02
  -1.0905387e+01  -2.3649134e-01   4.7298648e-02
  -1.0905187e+01  -2.3699133e-01   4.7398664e-02
  -1.0904987e+01  -2.3749132e-01   4.7498680e-02
  -1.0904787e+01  -2.3799132e-01   4.7598696e-02
  -1.0904587e+01  -2.3849131e-01   4.7698712e-02
  -1.0904387e+01  -2.3899131e-01   4.7798728e-02
  -1.0904187e+01  -2.3949130e-01   4.7898744e-02
  -1.0903987e+01  -2.3999130e-01   4.7998760e-02
  -1.0903787e+01  -2.4049129e-01   4.8098777e-02
  -1.0903587e+01  -2.4099129e-01   4.8198793e-02
  -1.0903387e+01  -2.4149128e-01   4.8298809e-02
  -1.0903187e+01  -2.4199127e-01   4.8398825e-02
  -1.0902987e+01  -2.4249127e-01   4.8498841e-02
  -1.0902787e+01  -2.4299126e-01   4.8598857e-02
  -1.0902587e+01  -2.4349126e-01   4.8698873e-02
  -1.0902387e+01  -2.4399125e-01   4.8798889e-02
  -1.0902187e+01  -2.4449125e-01   4.8898906e-02
  -1.0901987e+01  -2.4499124e-01   4.8998922e-02
  -1.0901787e+01  -2.4549124e-01   4.9098938e-02
  -1.0901587e+01  -2.4599123e-01   4.9198954e-02
  -1.0901387e+01  -2.4649123e-01   4.9298970e-02
  -1.0901187e+01  -2.4699122e-01   4.9398986e-02
  -1.0900987e+01  -2.4749121e-01   4.9499002e-02
  -1.0900787e+01  -2.4799121e-01   4.9599018e-02
  -1.0900587e+01  -2.4849120e-01   4.9699035e-02
  -1.0900387e+01  -2.4899120e-01   4.9799051e-02
  -1.0900187e+01  -2.4949119e-01   4.9899067e-02
  -1.0899987e+01  -2.4999119e-01   4.9999083e-02
  -1.0899787e+01  -2.5049118e-01   5.0099099e-02
  -1.0899587e+01  -2.5099118e-01   5.0199115e-02
  -1.0899387e+01  -2.5149117e-01   5.0299131e-02
  -1.0899187e+01  -2.5199117e-01   5.0399147e-02
  -1.0898987e+01  -2.5249116e-01   5.0499164e-02
  -1.0898787e+01  -2.5299115e-01   5.0599180e-02
  -1.0898587e+01  -2.5349115e-01   5.0699196e-02
  -1.0898387e+01  -2.5399114e-01   5.0799212e-02
  -1.0898187e+01  -2.5449114e-01   5.0899228e-02
  -1.0897987e+01  -2.5499113e-01   5.0999244e-02
  -1.0897787e+01  -2.5549113e-01   5.1099260e-02
  -1.0897587e+01  -2.5599112e-01   5.1199276e-02
  -1.0897387e+01  -2.5649112e-01   5.1299293e-02
  -1.0897187e+01  -2.5699111e-01   5.1399309e-02
  -1.0896987e+01  -2.5749111e-01   5.1499325e-02
  -1.0896787e+01  -2.5799110e-01   5.1599341e-02
  -1.0896587e+01  -2.5849109e-01   5.1699357e-02
  -1.0896387e+01  -2.5899109e-01   5.1799373e-02
  -1.0896187e+01  -2.5949108e-01   5.1899389e-02
  -1.0895987e+01  -2.5999108e-01   5.1999405e-02
  -1.0895787e+01  -2.6049107e-01   5.2099422e-02
  -1.0895587e+01  -2.6099107e-01   5.2199438e-02
  -1.0895387e+01  -2.6149106e-01   5.2299454e-02
  -1.0895187e+01  -2.6199106e-01   5.2399470e-02
  -1.0894987e+01  -2.6249105e-01   5.2499486e-02
  -1.0894787e+01  -2.6299104e-01   5.2599502e-02
  -1.0894587e+01  -2.6349104e-01   5.2699518e-02
  -1.0894387e+01  -2.6399103e-01   5.2799534e-02
  -1.0894187e+01  -2.6449103e-01   5.2899551e-02
  -1.0893987e+01  -2.6499102e-01   5.2999567e-02
  -1.0893787e+01  -2.6549102e-01   5.3099583e-02
  -1.0893587e+01  -2.6599101e-01   5.3199599e-02
  -1.0893387e+01  -2.6649101e-01   5.3299615e-02
  -1.0893187e+01  -2.6699100e-01   5.3399631e-02
  -1.0892987e+01  -2.6749100e-01   5.3499647e-02
  -1.0892787e+01  -2.6799099e-01   5.3599663e-02
  -1.0892587e+01  -2.6849098e-01   5.3699680e-02
  -1.0892387e+01  -2.6899098e-01   5.3799696e-02
  -1.0892187e+01  -2.6949097e-01   5.3899712e-02
  -1.0891987e+01  -2.6999097e-01   5.3999728e-02
  -1.0891787e+01  -2.7049096e-01   5.4099744e-02
  -1.0891587e+01  -2.7099096e-01   5.4199760e-02
  -1.0891388e+01  -2.7149095e-01   5.4299776e-02
  -1.0891188e+01  -2.7199095e-01   5.4399792e-02
  -1.0890988e+01  -2.7249094e-01   5.4499809e-02
  -1.0890788e+01  -2.7299094e-01   5.4599825e-02
  -1.0890588e+01  -2.7349093e-01   5.4699841e-02
  -1.0890388e+01  -2.7399092e-01   5.4799857e-02
  -1.0890188e+01  -2.7449092e-01   5.4899873e-02
  -1.0889988e+01  -2.7499091e-01   5.4999889e-02
  -1.0889788e+01  -2.7549091e-01   5.5099905e-02
  -1.0889588e+01  -2.7599090e-01   5.5199921e-02
  -1.0889388e+01  -2.7649090e-01   5.5299938e-02
  -1.0889188e+01  -2.7699089e-01   5.5399954e-02
  -1.0888988e+01  -2.7749089e-01   5.5499970e-02
  -1.0888788e+01  -2.7799088e-01   5.5599986e-02
  -1.0888588e+01  -2.7849088e-01   5.5700002e-02
  -1.0888388e+01  -2.7899087e-01   5.5800018e-02
  -1.0888188e+01  -2.7949086e-01   5.5900034e-02
  -1.0887988e+01  -2.7999086e-01   5.6000050e-02
  -1.0887788e+01  -2.8049085e-01   5.6100067e-02
  -1.0887588e+01  -2.8099085e-01   5.6200083e-02
  -1.0887388e+01  -2.8149084e-01   5.6300099e-02
  -1.0887188e+01  -2.8199084e-01   5.6400115e-02
  -1.0886988e+01  -2.8249083e-01   5.6500131e-02
  -1.0886788e+01  -2.8299083e-01   5.6600147e-02
  -1.0886588e+01  -2.8349082e-01   5.6700163e-02
  -1.0886388e+01  -2.8399081e-01   5.6800179e-02
  -1.0886188e+01  -2.8449081e-01   5.6900196e-02
  -1.0885988e+01  -2.8499080e-01   5.7000212e-02
  -1.0885788e+01  -2.8549080e-01   5.7100228e-02
  -1.0885588e+01  -2.8599079e-01   5.7200244e-02
  -1.0885388e+01  -2.8649079e-01   5.7300260e-02
  -1.0885188e+01  -2.8699078e-01   5.7400276e-02
  -1.0884988e+01  -2.8749078e-01   5.7500292e-02
  -1.0884788e+01  -2.8799077e-01   5.7600308e-02
  -1.0884588e+01  -2.8849077e-01   5.7700325e-02
  -1.0884388e+01  -2.8899076e-01   5.7800341e-02
  -1.0884188e+01  -2.8949075e-01   5.7900357e-02
  -1.0883988e+01  -2.8999075e-01   5.8000373e-02
  -1.0883788e+01  -2.9049074e-01   5.8100389e-02
  -1.0883588e+01  -2.9099074e-01   5.8200405e-02
  -1.0883388e+01  -2.9149073e-01   5.8300421e-02
  -1.0883188e+01  -2.9199073e-01   5.8400437e-02
  -1.0882988e+01  -2.9249072e-01   5.8500454e-02
  -1.0882788e+01  -2.9299072e-01   5.8600470e-02
  -1.0882588e+01  -2.9349071e-01   5.8700486e-02
  -1.0882388e+01  -2.9399071e-01   5.8800502e-02
  -1.0882188e+01  -2.9449070e-01   5.8900518e-02
  -1.0881988e+01  -2.9499069e-01   5.9000534e-02
  -1.0881788e+01  -2.9549069e-01   5.9100550e-02
  -1.0881588e+01  -2.9599068e-01   5.9200566e-02
  -1.0881388e+01  -2.9649068e-01   5.9300583e-02
  -1.0881188e+01  -2.9699067e-01   5.9400599e-02
  -1.0880988e+01  -2.9749067e-01   5.9500615e-02
  -1.0880788e+01  -2.9799066e-01   5.9600631e-02
  -1.0880588e+01  -2.9849066e-01   5.9700647e-02
  -1.0880388e+01  -2.9899065e-01   5.9800663e-02
  -1.0880188e+01  -2.9949065e-01   5.9900679e-02
  -1.0879988e+01  -2.9999064e-01   6.0000695e-02
  -1.0879788e+01  -3.0049063e-01   6.0100712e-02
  -1.0879588e+01  -3.0099063e-01   6.0200728e-02
  -1.0879388e+01  -3.0149062e-01   6.0300744e-02
  -1.0879188e+01  -3.0199062e-01   6.0400760e-02
  -1.0878988e+01  -3.0249061e-01   6.0500776e-02
  -1.0878788e+01  -3.0299061e-01   6.0600792e-02
  -1.0878588e+01  -3.0349060e-01   6.0700808e-02
  -1.0878388e+01  -3.0399060e-01   6.0800824e-02
  -1.0878188e+01  -3.0449059e-01   6.0900841e-02
  -1.0877988e+01  -3.0499058e-01   6.1000857e-02
  -1.0877788e+01  -3.0549058e-01   6.1100873e-02
  -1.0877588e+01  -3.0599057e-01   6.1200889e-02
  -1.0877388e+01  -3.0649057e-01   6.1300905e-02
  -1.0877188e+01  -3.0699056e-01   6.1400921e-02
  -1.0876988e+01  -3.0749056e-01   6.1500937e-02
  -1.0876788e+01  -3.0799055e-01   6.1600953e-02
  -1.0876588e+01  -3.0849055e-01   6.1700970e-02
  -1.0876388e+01  -3.0899054e-01   6.1800986e-02
  -1.0876188e+01  -3.0949054e-01   6.1901002e-02
  -1.0875988e+01  -3.0999053e-01   6.2001018e-02
  -1.0875788e+01  -3.1049052e-01   6.2101034e-02
  -1.0875588e+01  -3.1099052e-01   6.2201050e-02
  -1.0875388e+01  -3.1149051e-01   6.2301066e-02
  -1.0875188e+01  -3.1199051e-01   6.2401082e-02
  -1.0874988e+01  -3.1249050e-01   6.2501099e-02
  -1.0874788e+01  -3.1299050e-01   6.2601115e-02
  -1.0874588e+01  -3.1349049e-01   6.2701131e-02
  -1.0874388e+01  -3.1399049e-01   6.2801147e-02
  -1.0874188e+01  -3.1449048e-01   6.2901163e-02
  -1.0873988e+01  -3.1499048e-01   6.3001179e-02
  -1.0873788e+01  -3.1549047e-01   6.3101195e-02
  -1.0873588e+01  -3.1599046e-01   6.3201211e-02
  -1.0873388e+01  -3.1649046e-01   6.3301228e-02
  -1.0873188e+01  -3.1699045e-01   6.3401244e-02
  -1.0872988e+01  -3.1749045e-01   6.3501260e-02
  -1.0872788e+01  -3.1799044e-01   6.3601276e-02
  -1.0872588e+01  -3.1849044e-01   6.3701292e-02
  -1.0872388e+01  -3.1899043e-01   6.3801308e-02
  -1.0872188e+01  -3.1949043e-01   6.3901324e-02
  -1.0871988e+01  -3.1999042e-01   6.4001340e-02
  -1.0871788e+01  -3.2049042e-01   6.4101357e-02
  -1.0871588e+01  -3.2099041e-01   6.4201373e-02
  -1.0871388e+01  -3.2149040e-01   6.4301389e-02
  -1.0871188e+01  -3.2199040e-01   6.4401405e-02
  -1.0870988e+01  -3.2249039e-01   6.4501421e-02
  -1.0870788e+01  -3.2299039e-01   6.4601437e-02
  -1.0870588e+01  -3.2349038e-01   6.4701453e-02
  -1.0870388e+01  -3.2399038e-01   6.4801469e-02
  -1.0870188e+01  -3.2449037e-01   6.4901486e-02
  -1.0869988e+01  -3.2499037e-01   6.5001502e-02
  -1.0869788e+01  -3.2549036e-01   6.5101518e-02
  -1.0869588e+01  -3.2599035e-01   6.5201534e-02
  -1.0869388e+01  -3.2649035e-01   6.5301550e-02
  -1.0869188e+01  -3.2699034e-01   6.5401566e-02
  -1.0868988e+01  -3.2749034e-01   6.5501582e-02
  -1.0868788e+01  -3.2799033e-01   6.5601598e-02
  -1.0868588e+01  -3.2849033e-01   6.5701615e-02
  -1.0868388e+01  -3.2899032e-01   6.5801631e-02
  -1.0868188e+01  -3.2949032e-01   6.5901647e-02
  -1.0867988e+01  -3.2999031e-01   6.6001663e-02
  -1.0867788e+01  -3.3049031e-01   6.6101679e-02
  -1.0867588e+01  -3.3099030e-01   6.6201695e-02
  -1.0867388e+01  -3.3149029e-01   6.6301711e-02
  -1.0867188e+01  -3.3199029e-01   6.6401727e-02
  -1.0866988e+01  -3.3249028e-01   6.6501744e-02
  -1.0866788e+01  -3.3299028e-01   6.6601760e-02
  -1.0866588e+01  -3.3349027e-01   6.6701776e-02
  -1.0866388e+01  -3.3399027e-01   6.6801792e-02
  -1.0866188e+01  -3.3449026e-01   6.6901808e-02
  -1.0865988e+01  -3.3499026e-01   6.7001824e-02
  -1.0865788e+01  -3.3549025e-01   6.7101840e-02
  -1.0865588e+01  -3.3599025e-01   6.7201856e-02
  -1.0865388e+01  -3.3649024e-01   6.7301873e-02
  -1.0865188e+01  -3.3699023e-01   6.7401889e-02
  -1.0864988e+01  -3.3749023e-01   6.7501905e-02
  -1.0864788e+01  -3.3799022e-01   6.7601921e-02
  -1.0864588e+01  -3.3849022e-01   6.7701937e-02
  -1.0864388e+01  -3.3899021e-01   6.7801953e-02
  -1.0864188e+01  -3.3949021e-01   6.7901969e-02
  -1.0863988e+01  -3.3999020e-01   6.8001985e-02
  -1.0863788e+01  -3.4049020e-01   6.8102001e-02
  -1.0863588e+01  -3.4099019e-01   6.8202018e-02
  -1.0863388e+01  -3.4149019e-01   6.8302034e-02
  -1.0863188e+01  -3.4199018e-01   6.8402050e-02
  -1.0862988e+01  -3.4249017e-01   6.8502066e-02
  -1.0862788e+01  -3.4299017e-01   6.8602082e-02
  -1.0862588e+01  -3.4349016e-01   6.8702098e-02
  -1.0862388e+01  -3.4399016e-01   6.8802114e-02
  -1.0862188e+01  -3.4449015e-01   6.8902130e-02
  -1.0861988e+01  -3.4499015e-01   6.9002147e-02
  -1.0861788e+01  -3.4549014e-01   6.9102163e-02
  -1.0861588e+01  -3.4599014e-01   6.9202179e-02
  -1.0861388e+01  -3.4649013e-01   6.9302195e-02
  -1.0861188e+01  -3.4699013e-01   6.9402211e-02
  -1.0860988e+01  -3.4749012e-01   6.9502227e-02
  -1.0860788e+01  -3.4799011e-01   6.9602243e-02
  -1.0860588e+01  -3.4849011e-01   6.9702259e-02
  -1.0860388e+01  -3.4899010e-01   6.9802276e-02
  -1.0860188e+01  -3.4949010e-01   6.9902292e-02
  -1.0859989e+01  -3.4999009e-01   7.0002308e-02
  -1.0859789e+01  -3.5049009e-01   7.0102324e-02
  -1.0859589e+01  -3.5099008e-01   7.0202340e-02
  -1.0859389e+01  -3.5149008e-01   7.0302356e-02
  -1.0859189e+01  -3.5199007e-01   7.0402372e-02
  -1.0858989e+01  -3.5249006e-01   7.0502388e-02
  -1.0858789e+01  -3.5299006e-01   7.0602405e-02
  -1.0858589e+01  -3.5349005e-01   7.0702421e-02
  -1.0858389e+01  -3.5399005e-01   7.0802437e-02
  -1.0858189e+01  -3.5449004e-01   7.0902453e-02
  -1.0857989e+01  -3.5499004e-01   7.1002469e-02
  -1.0857789e+01  -3.5549003e-01   7.1102485e-02
  -1.0857589e+01  -3.5599003e-01   7.1202501e-02
  -1.0857389e+01  -3.5649002e-01   7.1302517e-02
  -1.0857189e+01  -3.5699002e-01   7.1402534e-02
  -1.0856989e+01  -3.5749001e-01   7.1502550e-02
  -1.0856789e+01  -3.5799000e-01   7.1602566e-02
  -1.0856589e+01  -3.5849000e-01   7.1702582e-02
  -1.0856389e+01  -3.5898999e-01   7.1802598e-02
  -1.0856189e+01  -3.5948999e-01   7.1902614e-02
  -1.0855989e+01  -3.5998998e-01   7.2002630e-02
  -1.0855789e+01  -3.6048998e-01   7.2102646e-02
  -1.0855589e+01  -3.6098997e-01   7.2202663e-02
  -1.0855389e+01  -3.6148997e-01   7.2302679e-02
  -1.0855189e+01  -3.6198996e-01   7.2402695e-02
  -1.0854989e+01  -3.6248996e-01   7.2502711e-02
  -1.0854789e+01  -3.6298995e-01   7.2602727e-02
  -1.0854589e+01  -3.6348994e-01   7.2702743e-02
  -1.0854389e+01  -3.6398994e-01   7.2802759e-02
  -1.0854189e+01  -3.6448993e-01   7.2902775e-02
  -1.0853989e+01  -3.6498993e-01   7.3002792e-02
  -1.0853789e+01  -3.6548992e-01   7.3102808e-02
  -1.0853589e+01  -3.6598992e-01   7.3202824e-02
  -1.0853389e+01  -3.6648991e-01   7.3302840e-02
  -1.0853189e+01  -3.6698991e-01   7.3402856e-02
  -1.0852989e+01  -3.6748990e-01   7.3502872e-02
  -1.0852789e+01  -3.6798990e-01   7.3602888e-02
  -1.0852589e+01  -3.6848989e-01   7.3702904e-02
  -1.0852389e+01  -3.6898988e-01   7.3802921e-02
  -1.0852189e+01  -3.6948988e-01   7.3902937e-02
  -1.0851989e+01  -3.6998987e-01   7.4002953e-02
  -1.0851789e+01  -3.7048987e-01   7.4102969e-02
  -1.0851589e+01  -3.7098986e-01   7.4202985e-02
  -1.0851389e+01  -3.7148986e-01   7.4303001e-02
  -1.0851189e+01  -3.7198985e-01   7.4403017e-02
  -1.0850989e+01  -3.7248985e-01   7.4503033e-02
  -1.0850789e+01  -3.7298984e-01   7.4603050e-02
  -1.0850589e+01  -3.7348983e-01   7.4703066e-02
  -1.0850389e+01  -3.7398983e-01   7.4803082e-02
  -1.0850189e+01  -3.7448982e-01   7.4903098e-02
  -1.0849989e+01  -3.7498982e-01   7.5003114e-02
  -1.0849789e+01  -3.7548981e-01   7.5103130e-02
  -1.0849589e+01  -3.7598981e-01   7.5203146e-02
  -1.0849389e+01  -3.7648980e-01   7.5303162e-02
  -1.0849189e+01  -3.7698980e-01   7.5403179e-02
  -1.0848989e+01  -3.7748979e-01   7.5503195e-02
  -1.0848789e+01  -3.7798979e-01   7.5603211e-02
  -1.0848589e+01  -3.7848978e-01   7.5703227e-02
  -1.0848389e+01  -3.7898977e-01   7.5803243e-02
  -1.0848189e+01  -3.7948977e-01   7.5903259e-02
  -1.0847989e+01  -3.7998976e-01   7.6003275e-02
  -1.0847789e+01  -3.8048976e-01   7.6103291e-02
  -1.0847589e+01  -3.8098975e-01   7.6203308e-02
  -1.0847389e+01  -3.8148975e-01   7.6303324e-02
  -1.0847189e+01  -3.8198974e-01   7.6403340e-02
  -1.0846989e+01  -3.8248974e-01   7.6503356e-02
  -1.0846789e+01  -3.8298973e-01   7.6603372e-02
  -1.0846589e+01  -3.8348973e-01   7.6703388e-02
  -1.0846389e+01  -3.8398972e-01   7.6803404e-02
  -1.0846189e+01  -3.8448971e-01   7.6903420e-02
  -1.0845989e+01  -3.8498971e-01   7.7003437e-02
  -1.0845789e+01  -3.8548970e-01   7.7103453e-02
  -1.0845589e+01  -3.8598970e-01   7.7203469e-02
  -1.0845389e+01  -3.8648969e-01   7.7303485e-02
  -1.0845189e+01  -3.8698969e-01   7.7403501e-02
  -1.0844989e+01  -3.8748968e-01   7.7503517e-02
  -1.0844789e+01  -3.8798968e-01   7.7603533e-02
  -1.0844589e+01  -3.8848967e-01   7.7703549e-02
  -1.0844389e+01  -3.8898967e-01   7.7803566e-02
  -1.0844189e+01  -3.8948966e-01   7.7903582e-02
  -1.0843989e+01  -3.8998965e-01   7.8003598e-02
  -1.0843789e+01  -3.9048965e-01   7.8103614e-02
  -1.0843589e+01  -3.9098964e-01   7.8203630e-02
  -1.0843389e+01  -3.9148964e-01   7.8303646e-02
  -1.0843189e+01  -3.9198963e-01   7.8403662e-02
  -1.0842989e+01  -3.9248963e-01   7.8503678e-02
  -1.0842789e+01  -3.9298962e-01   7.8603695e-02
  -1.0842589e+01  -3.9348962e-01   7.8703711e-02
  -1.0842389e+01  -3.9398961e-01   7.8803727e-02
  -1.0842189e+01  -3.9448960e-01   7.8903743e-02
  -1.0841989e+01  -3.9498960e-01   7.9003759e-02
  -1.0841789e+01  -3.9548959e-01   7.9103775e-02
  -1.0841589e+01  -3.9598959e-01   7.9203791e-02
  -1.0841389e+01  -3.9648958e-01   7.9303807e-02
  -1.0841189e+01  -3.9698958e-01   7.9403824e-02
  -1.0840989e+01  -3.9748957e-01   7.9503840e-02
  -1.0840789e+01  -3.9798957e-01   7.9603856e-02
  -1.0840589e+01  -3.9848956e-01   7.9703872e-02
  -1.0840389e+01  -3.9898956e-01   7.9803888e-02
  -1.0840189e+01  -3.9948955e-01   7.9903904e-02
  -1.0839989e+01  -3.9998954e-01   8.0003920e-02
  -1.0839789e+01  -4.0048954e-01   8.0103936e-02
  -1.0839589e+01  -4.0098953e-01   8.0203953e-02
  -1.0839389e+01  -4.0148953e-01   8.0303969e-02
  -1.0839189e+01  -4.0198952e-01   8.0403985e-02
  -1.0838989e+01  -4.0248952e-01   8.0504001e-02
  -1.0838789e+01  -4.0298951e-01   8.0604017e-02
  -1.0838589e+01  -4.0348951e-01   8.0704033e-02
  -1.0838389e+01  -4.0398950e-01   8.0804049e-02
  -1.0838189e+01  -4.0448950e-01   8.0904065e-02
  -1.0837989e+01  -4.0498949e-01   8.1004082e-02
  -1.0837789e+01  -4.0548948e-01   8.1104098e-02
  -1.0837589e+01  -4.0598948e-01   8.1204114e-02
  -1.0837389e+01  -4.0648947e-01   8.1304130e-02
  -1.0837189e+01  -4.0698947e-01   8.1404146e-02
  -1.0836989e+01  -4.0748946e-01   8.1504162e-02
  -1.0836789e+01  -4.0798946e-01   8.1604178e-02
  -1.0836589e+01  -4.0848945e-01   8.1704194e-02
  -1.0836389e+01  -4.0898945e-01   8.1804211e-02
  -1.0836189e+01  -4.0948944e-01   8.1904227e-02
  -1.0835989e+01  -4.0998944e-01   8.2004243e-02
  -1.0835789e+01  -4.1048943e-01   8.2104259e-02
  -1.0835589e+01  -4.1098942e-01   8.2204275e-02
  -1.0835389e+01  -4.1148942e-01   8.2304291e-02
  -1.0835189e+01  -4.1198941e-01   8.2404307e-02
  -1.0834989e+01  -4.1248941e-01   8.2504323e-02
  -1.0834789e+01  -4.1298940e-01   8.2604340e-02
  -1.0834589e+01  -4.1348940e-01   8.2704356e-02
  -1.0834389e+01  -4.1398939e-01   8.2804372e-02
  -1.0834189e+01  -4.1448939e-01   8.2904388e-02
  -1.0833989e+01  -4.1498938e-01   8.3004404e-02
  -1.0833789e+01  -4.1548937e-01   8.3104420e-02
  -1.0833589e+01  -4.1598937e-01   8.3204436e-02
  -1.0833389e+01  -4.1648936e-01   8.3304452e-02
  -1.0833189e+01  -4.1698936e-01   8.3404469e-02
  -1.0832989e+01  -4.1748935e-01   8.3504485e-02
  -1.0832789e+01  -4.1798935e-01   8.3604501e-02
  -1.0832589e+01  -4.1848934e-01   8.3704517e-02
  -1.0832389e+01  -4.1898934e-01   8.3804533e-02
  -1.0832189e+01  -4.1948933e-01   8.3904549e-02
  -1.0831989e+01  -4.1998933e-01   8.4004565e-02
  -1.0831789e+01  -4.2048932e-01   8.4104581e-02
  -1.0831589e+01  -4.2098931e-01   8.4204598e-02
  -1.0831389e+01  -4.2148931e-01   8.4304614e-02
  -1.0831189e+01  -4.2198930e-01   8.4404630e-02
  -1.0830989e+01  -4.2248930e-01   8.4504646e-02
  -1.0830789e+01  -4.2298929e-01   8.4604662e-02
  -1.0830589e+01  -4.2348929e-01   8.4704678e-02
  -1.0830389e+01  -4.2398928e-01   8.4804694e-02
  -1.0830189e+01  -4.2448928e-01   8.4904710e-02
  -1.0829989e+01  -4.2498927e-01   8.5004727e-02
  -1.0829789e+01  -4.2548927e-01   8.5104743e-02
  -1.0829589e+01  -4.2598926e-01   8.5204759e-02
  -1.0829389e+01  -4.2648925e-01   8.5304775e-02
  -1.0829189e+01  -4.2698925e-01   8.5404791e-02
  -1.0828989e+01  -4.2748924e-01   8.5504807e-02
  -1.0828789e+01  -4.2798924e-01   8.5604823e-02
  -1.0828589e+01  -4.2848923e-01   8.5704839e-02
  -1.0828390e+01  -4.2898923e-01   8.5804856e-02
  -1.0828190e+01  -4.2948922e-01   8.5904872e-02
  -1.0827990e+01  -4.2998922e-01   8.6004888e-02
  -1.0827790e+01  -4.3048921e-01   8.6104904e-02
  -1.0827590e+01  -4.3098921e-01   8.6204920e-02
  -1.0827390e+01  -4.3148920e-01   8.6304936e-02
  -1.0827190e+01  -4.3198919e-01   8.6404952e-02
  -1.0826990e+01  -4.3248919e-01   8.6504968e-02
  -1.0826790e+01  -4.3298918e-01   8.6604985e-02
  -1.0826590e+01  -4.3348918e-01   8.6705001e-02
  -1.0826390e+01  -4.3398917e-01   8.6805017e-02
  -1.0826190e+01  -4.3448917e-01   8.6905033e-02
  -1.0825990e+01  -4.3498916e-01   8.7005049e-02
  -1.0825790e+01  -4.3548916e-01   8.7105065e-02
  -1.0825590e+01  -4.3598915e-01   8.7205081e-02
  -1.0825390e+01  -4.3648914e-01   8.7305097e-02
  -1.0825190e+01  -4.3698914e-01   8.7405114e-02
  -1.0824990e+01  -4.3748913e-01   8.7505130e-02
  -1.0824790e+01  -4.3798913e-01   8.7605146e-02
  -1.0824590e+01  -4.3848912e-01   8.7705162e-02
  -1.0824390e+01  -4.3898912e-01   8.7805178e-02
  -1.0824190e+01  -4.3948911e-01   8.7905194e-02
  -1.0823990e+01  -4.3998911e-01   8.8005210e-02
  -1.0823790e+01  -4.4048910e-01   8.8105226e-02
  -1.0823590e+01  -4.4098910e-01   8.8205243e-02
  -1.0823390e+01  -4.4148909e-01   8.8305259e-02
  -1.0823190e+01  -4.4198908e-01   8.8405275e-02
  -1.0822990e+01  -4.4248908e-01   8.8505291e-02
  -1.0822790e+01  -4.4298907e-01   8.8605307e-02
  -1.0822590e+01  -4.4348907e-01   8.8705323e-02
  -1.0822390e+01  -4.4398906e-01   8.8805339e-02
  -1.0822190e+01  -4.4448906e-01   8.8905355e-02
  -1.0821990e+01  -4.4498905e-01   8.9005372e-02
  -1.0821790e+01  -4.4548905e-01   8.9105388e-02
  -1.0821590e+01  -4.4598904e-01   8.9205404e-02
  -1.0821390e+01  -4.4648904e-01   8.9305420e-02
  -1.0821190e+01  -4.4698903e-01   8.9405436e-02
  -1.0820990e+01  -4.4748902e-01   8.9505452e-02
  -1.0820790e+01  -4.4798902e-01   8.9605468e-02
  -1.0820590e+01  -4.4848901e-01   8.9705484e-02
  -1.0820390e+01  -4.4898901e-01   8.9805501e-02
  -1.0820190e+01  -4.4948900e-01   8.9905517e-02
  -1.0819990e+01  -4.4998900e-01   9.0005533e-02
  -1.0819790e+01  -4.5048899e-01   9.0105549e-02
  -1.0819590e+01  -4.5098899e-01   9.0205565e-02
  -1.0819390e+01  -4.5148898e-01   9.0305581e-02
  -1.0819190e+01  -4.5198898e-01   9.0405597e-02
  -1.0818990e+01  -4.5248897e-01   9.0505613e-02
  -1.0818790e+01  -4.5298896e-01   9.0605629e-02
  -1.0818590e+01  -4.5348896e-01   9.0705646e-02
  -1.0818390e+01  -4.5398895e-01   9.0805662e-02
  -1.0818190e+01  -4.5448895e-01   9.0905678e-02
  -1.0817990e+01  -4.5498894e-01   9.1005694e-02
  -1.0817790e+01  -4.5548894e-01   9.1105710e-02
  -1.0817590e+01  -4.5598893e-01   9.1205726e-02
  -1.0817390e+01  -4.5648893e-01   9.1305742e-02
  -1.0817190e+01  -4.5698892e-01   9.1405758e-02
  -1.0816990e+01  -4.5748891e-01   9.1505775e-02
  -1.0816790e+01  -4.5798891e-01   9.1605791e-02
  -1.0816590e+01  -4.5848890e-01   9.1705807e-02
  -1.0816390e+01  -4.5898890e-01   9.1805823e-02
  -1.0816190e+01  -4.5948889e-01   9.1905839e-02
  -1.0815990e+01  -4.5998889e-01   9.2005855e-02
  -1.0815790e+01  -4.6048888e-01   9.2105871e-02
  -1.0815590e+01  -4.6098888e-01   9.2205887e-02
  -1.0815390e+01  -4.6148887e-01   9.2305904e-02
  -1.0815190e+01  -4.6198887e-01   9.2405920e-02
  -1.0814990e+01  -4.6248886e-01   9.2505936e-02
  -1.0814790e+01  -4.6298885e-01   9.2605952e-02
  -1.0814590e+01  -4.6348885e-01   9.2705968e-02
  -1.0814390e+01  -4.6398884e-01   9.2805984e-02
  -1.0814190e+01  -4.6448884e-01   9.2906000e-02
  -1.0813990e+01  -4.6498883e-01   9.3006016e-02
  -1.0813790e+01  -4.6548883e-01   9.3106033e-02
  -1.0813590e+01  -4.6598882e-01   9.3206049e-02
  -1.0813390e+01  -4.6648882e-01   9.3306065e-02
  -1.0813190e+01  -4.6698881e-01   9.3406081e-02
  -1.0812990e+01  -4.6748881e-01   9.3506097e-02
  -1.0812790e+01  -4.6798880e-01   9.3606113e-02
  -1.0812590e+01  -4.6848879e-01   9.3706129e-02
  -1.0812390e+01  -4.6898879e-01   9.3806145e-02
  -1.0812190e+01  -4.6948878e-01   9.3906162e-02
  -1.0811990e+01  -4.6998878e-01   9.4006178e-02
  -1.0811790e+01  -4.7048877e-01   9.4106194e-02
  -1.0811590e+01  -4.7098877e-01   9.4206210e-02
  -1.0811390e+01  -4.7148876e-01   9.4306226e-02
  -1.0811190e+01  -4.7198876e-01   9.4406242e-02
  -1.0810990e+01  -4.7248875e-01   9.4506258e-02
  -1.0810790e+01  -4.7298875e-01   9.4606274e-02
  -1.0810590e+01  -4.7348874e-01   9.4706291e-02
  -1.0810390e+01  -4.7398873e-01   9.4806307e-02
  -1.0810190e+01  -4.7448873e-01   9.4906323e-02
  -1.0809990e+01  -4.7498872e-01   9.5006339e-02
  -1.0809790e+01  -4.7548872e-01   9.5106355e-02
  -1.0809590e+01  -4.7598871e-01   9.5206371e-02
  -1.0809390e+01  -4.7648871e-01   9.5306387e-02
  -1.0809190e+01  -4.7698870e-01   9.5406403e-02
  -1.0808990e+01  -4.7748870e-01   9.5506420e-02
  -1.0808790e+01  -4.7798869e-01   9.5606436e-02
  -1.0808590e+01  -4.7848868e-01   9.5706452e-02
  -1.0808390e+01  -4.7898868e-01   9.5806468e-02
  -1.0808190e+01  -4.7948867e-01   9.5906484e-02
  -1.0807990e+01  -4.7998867e-01   9.6006500e-02
  -1.0807790e+01  -4.8048866e-01   9.6106516e-02
  -1.0807590e+01  -4.8098866e-01   9.6206532e-02
  -1.0807390e+01  -4.8148865e-01   9.6306549e-02
  -1.0807190e+01  -4.8198865e-01   9.6406565e-02
  -1.0806990e+01  -4.8248864e-01   9.6506581e-02
  -1.0806790e+01  -4.8298864e-01   9.6606597e-02
  -1.0806590e+01  -4.8348863e-01   9.6706613e-02
  -1.0806390e+01  -4.8398862e-01   9.6806629e-02
  -1.0806190e+01  -4.8448862e-01   9.6906645e-02
  -1.0805990e+01  -4.8498861e-01   9.7006661e-02
  -1.0805790e+01  -4.8548861e-01   9.7106678e-02
  -1.0805590e+01  -4.8598860e-01   9.7206694e-02
  -1.0805390e+01  -4.8648860e-01   9.7306710e-02
  -1.0805190e+01  -4.8698859e-01   9.7406726e-02
  -1.0804990e+01  -4.8748859e-01   9.7506742e-02
  -1.0804790e+01  -4.8798858e-01   9.7606758e-02
  -1.0804590e+01  -4.8848858e-01   9.7706774e-02
  -1.0804390e+01  -4.8898857e-01   9.7806790e-02
  -1.0804190e+01  -4.8948856e-01   9.7906807e-02
  -1.0803990e+01  -4.8998856e-01   9.8006823e-02
  -1.0803790e+01  -4.9048855e-01   9.8106839e-02
  -1.0803590e+01  -4.9098855e-01   9.8206855e-02
  -1.0803390e+01  -4.9148854e-01   9.8306871e-02
  -1.0803190e+01  -4.9198854e-01   9.8406887e-02
  -1.0802990e+01  -4.9248853e-01   9.8506903e-02
  -1.0802790e+01  -4.9298853e-01   9.8606919e-02
  -1.0802590e+01  -4.9348852e-01   9.8706936e-02
  -1.0802390e+01  -4.9398852e-01   9.8806952e-02
  -1.0802190e+01  -4.9448851e-01   9.8906968e-02
  -1.0801990e+01  -4.9498850e-01   9.9006984e-02
  -1.0801790e+01  -4.9548850e-01   9.9107000e-02
  -1.0801590e+01  -4.9598849e-01   9.9207016e-02
  -1.0801390e+01  -4.9648849e-01   9.9307032e-02
  -1.0801190e+01  -4.9698848e-01   9.9407048e-02
  -1.0800990e+01  -4.9748848e-01   9.9507065e-02
  -1.0800790e+01  -4.9798847e-01   9.9607081e-02
  -1.0800590e+01  -4.9848847e-01   9.9707097e-02
  -1.0800390e+01  -4.9898846e-01   9.9807113e-02
  -1.0800190e+01  -4.9948845e-01   9.9907129e-02
