   7.0710678e-01   0.0000000e+00   0.0000000e+00   7.0710678e-01
   7.0698816e-01   1.5319038e-03   8.2523262e-04   7.0722324e-01
   7.0686803e-01   3.0635107e-03   1.6509996e-03   7.0733689e-01
   7.0674636e-01   4.5948072e-03   2.4773083e-03   7.0744776e-01
   7.0662314e-01   6.1257731e-03   3.3041597e-03   7.0755586e-01
   7.0649841e-01   7.6564278e-03   4.1315303e-03   7.0766116e-01
   7.0637214e-01   9.1867496e-03   4.9594306e-03   7.0776367e-01
   7.0624433e-01   1.0716749e-02   5.7878555e-03   7.0786341e-01
   7.0611501e-01   1.2246414e-02   6.6167903e-03   7.0796033e-01
   7.0598414e-01   1.3775733e-02   7.4462407e-03   7.0805450e-01
   7.0585174e-01   1.5304719e-02   8.2762050e-03   7.0814588e-01
   7.0571780e-01   1.6833359e-02   9.1066659e-03   7.0823449e-01
   7.0558231e-01   1.8361650e-02   9.9376251e-03   7.0832034e-01
   7.0544531e-01   1.9889583e-02   1.0769085e-02   7.0840337e-01
   7.0530676e-01   2.1417163e-02   1.1601039e-02   7.0848366e-01
   7.0516668e-01   2.2944380e-02   1.2433472e-02   7.0856116e-01
   7.0502507e-01   2.4471240e-02   1.3266391e-02   7.0863588e-01
   7.0488190e-01   2.5997720e-02   1.4099795e-02   7.0870785e-01
   7.0473720e-01   2.7523824e-02   1.4933661e-02   7.0877705e-01
   7.0459097e-01   2.9049562e-02   1.5768007e-02   7.0884347e-01
   7.0444316e-01   3.0574907e-02   1.6602816e-02   7.0890715e-01
   7.0429385e-01   3.2099877e-02   1.7438097e-02   7.0896804e-01
   7.0414299e-01   3.3624448e-02   1.8273821e-02   7.0902618e-01
   7.0399058e-01   3.5148642e-02   1.9109997e-02   7.0908155e-01
   7.0383665e-01   3.6672423e-02   1.9946631e-02   7.0913414e-01
   7.0368114e-01   3.8195811e-02   2.0783710e-02   7.0918402e-01
   7.0352411e-01   3.9718800e-02   2.1621227e-02   7.0923111e-01
   7.0336552e-01   4.1241371e-02   2.2459177e-02   7.0927546e-01
   7.0320540e-01   4.2763533e-02   2.3297559e-02   7.0931704e-01
   7.0304375e-01   4.4285280e-02   2.4136374e-02   7.0935586e-01
   7.0288052e-01   4.5806614e-02   2.4975612e-02   7.0939196e-01
   7.0271578e-01   4.7327507e-02   2.5815268e-02   7.0942527e-01
   7.0254946e-01   4.8847986e-02   2.6655337e-02   7.0945586e-01
   7.0238161e-01   5.0368025e-02   2.7495820e-02   7.0948370e-01
   7.0221221e-01   5.1887627e-02   2.8336713e-02   7.0950878e-01
   7.0204128e-01   5.3406796e-02   2.9177995e-02   7.0953112e-01
   7.0186879e-01   5.4925524e-02   3.0019690e-02   7.0955071e-01
   7.0169476e-01   5.6443799e-02   3.0861774e-02   7.0956756e-01
   7.0151918e-01   5.7961620e-02   3.1704246e-02   7.0958166e-01
   7.0134205e-01   5.9478995e-02   3.2547097e-02   7.0959303e-01
   7.0116336e-01   6.0995902e-02   3.3390334e-02   7.0960167e-01
   7.0098312e-01   6.2512351e-02   3.4233954e-02   7.0960757e-01
   7.0080134e-01   6.4028336e-02   3.5077948e-02   7.0961074e-01
   7.0061800e-01   6.5543845e-02   3.5922306e-02   7.0961117e-01
   7.0043312e-01   6.7058878e-02   3.6767030e-02   7.0960886e-01
   7.0024671e-01   6.8573446e-02   3.7612102e-02   7.0960381e-01
   7.0005874e-01   7.0087524e-02   3.8457549e-02   7.0959602e-01
   6.9986920e-01   7.1601117e-02   3.9303337e-02   7.0958553e-01
   6.9967812e-01   7.3114224e-02   4.0149476e-02   7.0957230e-01
   6.9948547e-01   7.4626826e-02   4.0995951e-02   7.0955637e-01
   6.9929131e-01   7.6138952e-02   4.1842769e-02   7.0953767e-01
   6.9909555e-01   7.7650554e-02   4.2689927e-02   7.0951629e-01
   6.9889829e-01   7.9161666e-02   4.3537412e-02   7.0949215e-01
   6.9869945e-01   8.0672268e-02   4.4385217e-02   7.0946530e-01
   6.9849908e-01   8.2182356e-02   4.5233358e-02   7.0943572e-01
   6.9829713e-01   8.3691941e-02   4.6081803e-02   7.0940344e-01
   6.9809365e-01   8.5200989e-02   4.6930556e-02   7.0936843e-01
   6.9788861e-01   8.6709516e-02   4.7779636e-02   7.0933071e-01
   6.9768201e-01   8.8217531e-02   4.8629012e-02   7.0929028e-01
   6.9747388e-01   8.9725003e-02   4.9478689e-02   7.0924711e-01
   6.9726419e-01   9.1231941e-02   5.0328667e-02   7.0920124e-01
   6.9705294e-01   9.2738346e-02   5.1178935e-02   7.0915267e-01
   6.9684013e-01   9.4244202e-02   5.2029494e-02   7.0910140e-01
   6.9662580e-01   9.5749521e-02   5.2880329e-02   7.0904739e-01
   6.9640989e-01   9.7254285e-02   5.3731453e-02   7.0899069e-01
   6.9619244e-01   9.8758501e-02   5.4582845e-02   7.0893127e-01
   6.9597342e-01   1.0026216e-01   5.5434510e-02   7.0886918e-01
   6.9575289e-01   1.0176525e-01   5.6286445e-02   7.0880433e-01
   6.9553077e-01   1.0326778e-01   5.7138646e-02   7.0873682e-01
   6.9530713e-01   1.0476974e-01   5.7991091e-02   7.0866659e-01
   6.9508191e-01   1.0627113e-01   5.8843804e-02   7.0859368e-01
   6.9485514e-01   1.0777195e-01   5.9696765e-02   7.0851805e-01
   6.9462683e-01   1.0927220e-01   6.0549968e-02   7.0843973e-01
   6.9439698e-01   1.1077185e-01   6.1403412e-02   7.0835871e-01
   6.9416554e-01   1.1227093e-01   6.2257099e-02   7.0827501e-01
   6.9393259e-01   1.1376940e-01   6.3111016e-02   7.0818860e-01
   6.9369806e-01   1.1526729e-01   6.3965168e-02   7.0809951e-01
   6.9346199e-01   1.1676458e-01   6.4819538e-02   7.0800771e-01
   6.9322438e-01   1.1826128e-01   6.5674130e-02   7.0791323e-01
   6.9298521e-01   1.1975736e-01   6.6528939e-02   7.0781606e-01
   6.9274448e-01   1.2125283e-01   6.7383966e-02   7.0771622e-01
   6.9250225e-01   1.2274770e-01   6.8239204e-02   7.0761363e-01
   6.9225842e-01   1.2424194e-01   6.9094635e-02   7.0750841e-01
   6.9201306e-01   1.2573558e-01   6.9950265e-02   7.0740049e-01
   6.9176613e-01   1.2722859e-01   7.0806096e-02   7.0728990e-01
   6.9151766e-01   1.2872097e-01   7.1662122e-02   7.0717663e-01
   6.9126766e-01   1.3021273e-01   7.2518327e-02   7.0706065e-01
   6.9101609e-01   1.3170384e-01   7.3374723e-02   7.0694201e-01
   6.9076300e-01   1.3319432e-01   7.4231295e-02   7.0682068e-01
   6.9050835e-01   1.3468417e-01   7.5088033e-02   7.0669667e-01
   6.9025211e-01   1.3617336e-01   7.5944960e-02   7.0657003e-01
   6.8999435e-01   1.3766191e-01   7.6802038e-02   7.0644068e-01
   6.8973505e-01   1.3914981e-01   7.7659282e-02   7.0630866e-01
   6.8947425e-01   1.4063705e-01   7.8516687e-02   7.0617393e-01
   6.8921183e-01   1.4212363e-01   7.9374252e-02   7.0603658e-01
   6.8894790e-01   1.4360955e-01   8.0231955e-02   7.0589654e-01
   6.8868243e-01   1.4509481e-01   8.1089806e-02   7.0575382e-01
   6.8841541e-01   1.4657939e-01   8.1947795e-02   7.0560843e-01
   6.8814681e-01   1.4806331e-01   8.2805928e-02   7.0546042e-01
   6.8787671e-01   1.4954655e-01   8.3664187e-02   7.0530970e-01
   6.8760505e-01   1.5102910e-01   8.4522588e-02   7.0515632e-01
   6.8733185e-01   1.5251097e-01   8.5381106e-02   7.0500028e-01
   6.8705713e-01   1.5399215e-01   8.6239740e-02   7.0484156e-01
   6.8678084e-01   1.5547265e-01   8.7098493e-02   7.0468021e-01
   6.8650300e-01   1.5695244e-01   8.7957359e-02   7.0451619e-01
   6.8622362e-01   1.5843154e-01   8.8816330e-02   7.0434952e-01
   6.8594272e-01   1.5990995e-01   8.9675413e-02   7.0418017e-01
   6.8566029e-01   1.6138764e-01   9.0534590e-02   7.0400815e-01
   6.8537629e-01   1.6286463e-01   9.1393862e-02   7.0383352e-01
   6.8509075e-01   1.6434090e-01   9.2253232e-02   7.0365622e-01
   6.8480370e-01   1.6581645e-01   9.3112685e-02   7.0347624e-01
   6.8451509e-01   1.6729130e-01   9.3972216e-02   7.0329363e-01
   6.8422497e-01   1.6876541e-01   9.4831830e-02   7.0310835e-01
   6.8393329e-01   1.7023879e-01   9.5691525e-02   7.0292044e-01
   6.8364006e-01   1.7171146e-01   9.6551279e-02   7.0272989e-01
   6.8334533e-01   1.7318338e-01   9.7411109e-02   7.0253665e-01
   6.8304904e-01   1.7465456e-01   9.8270995e-02   7.0234080e-01
   6.8275122e-01   1.7612501e-01   9.9130948e-02   7.0214230e-01
   6.8245187e-01   1.7759471e-01   9.9990953e-02   7.0194115e-01
   6.8215097e-01   1.7906366e-01   1.0085101e-01   7.0173737e-01
   6.8184856e-01   1.8053187e-01   1.0171111e-01   7.0153092e-01
   6.8154461e-01   1.8199933e-01   1.0257125e-01   7.0132184e-01
   6.8123914e-01   1.8346601e-01   1.0343142e-01   7.0111012e-01
   6.8093211e-01   1.8493194e-01   1.0429164e-01   7.0089577e-01
   6.8062360e-01   1.8639710e-01   1.0515188e-01   7.0067876e-01
   6.8031352e-01   1.8786149e-01   1.0601214e-01   7.0045913e-01
   6.8000194e-01   1.8932512e-01   1.0687243e-01   7.0023685e-01
   6.7968879e-01   1.9078797e-01   1.0773273e-01   7.0001197e-01
   6.7937416e-01   1.9225004e-01   1.0859306e-01   6.9978441e-01
   6.7905801e-01   1.9371132e-01   1.0945338e-01   6.9955422e-01
   6.7874031e-01   1.9517182e-01   1.1031372e-01   6.9932141e-01
   6.7842107e-01   1.9663152e-01   1.1117405e-01   6.9908599e-01
   6.7810033e-01   1.9809045e-01   1.1203439e-01   6.9884792e-01
   6.7777807e-01   1.9954857e-01   1.1289470e-01   6.9860722e-01
   6.7745429e-01   2.0100588e-01   1.1375502e-01   6.9836388e-01
   6.7712895e-01   2.0246239e-01   1.1461532e-01   6.9811796e-01
   6.7680213e-01   2.0391810e-01   1.1547559e-01   6.9786938e-01
   6.7647379e-01   2.0537300e-01   1.1633585e-01   6.9761817e-01
   6.7614392e-01   2.0682708e-01   1.1719608e-01   6.9736435e-01
   6.7581256e-01   2.0828034e-01   1.1805627e-01   6.9710789e-01
   6.7547964e-01   2.0973279e-01   1.1891643e-01   6.9684883e-01
   6.7514524e-01   2.1118441e-01   1.1977654e-01   6.9658713e-01
   6.7480929e-01   2.1263521e-01   1.2063663e-01   6.9632284e-01
   6.7447185e-01   2.1408516e-01   1.2149664e-01   6.9605591e-01
   6.7413291e-01   2.1553429e-01   1.2235663e-01   6.9578635e-01
   6.7379245e-01   2.1698258e-01   1.2321654e-01   6.9551419e-01
   6.7345046e-01   2.1843001e-01   1.2407641e-01   6.9523942e-01
   6.7310698e-01   2.1987661e-01   1.2493619e-01   6.9496203e-01
   6.7276200e-01   2.2132237e-01   1.2579592e-01   6.9468200e-01
   6.7241550e-01   2.2276726e-01   1.2665557e-01   6.9439938e-01
   6.7206749e-01   2.2421130e-01   1.2751515e-01   6.9411416e-01
   6.7171799e-01   2.2565450e-01   1.2837465e-01   6.9382630e-01
   6.7136697e-01   2.2709680e-01   1.2923407e-01   6.9353586e-01
   6.7101447e-01   2.2853826e-01   1.3009339e-01   6.9324279e-01
   6.7066045e-01   2.2997885e-01   1.3095261e-01   6.9294711e-01
   6.7030492e-01   2.3141855e-01   1.3181176e-01   6.9264885e-01
   6.6994790e-01   2.3285740e-01   1.3267080e-01   6.9234797e-01
   6.6958936e-01   2.3429536e-01   1.3352972e-01   6.9204449e-01
   6.6922938e-01   2.3573242e-01   1.3438855e-01   6.9173838e-01
   6.6886784e-01   2.3716860e-01   1.3524725e-01   6.9142971e-01
   6.6850486e-01   2.3860391e-01   1.3610585e-01   6.9111838e-01
   6.6814035e-01   2.4003830e-01   1.3696433e-01   6.9080450e-01
   6.6777435e-01   2.4147181e-01   1.3782267e-01   6.9048801e-01
   6.6740686e-01   2.4290441e-01   1.3868089e-01   6.9016892e-01
   6.6703790e-01   2.4433611e-01   1.3953898e-01   6.8984722e-01
   6.6666743e-01   2.4576691e-01   1.4039694e-01   6.8952293e-01
   6.6629547e-01   2.4719679e-01   1.4125475e-01   6.8919604e-01
   6.6592203e-01   2.4862576e-01   1.4211241e-01   6.8886656e-01
   6.6554710e-01   2.5005381e-01   1.4296994e-01   6.8853449e-01
   6.6517070e-01   2.5148094e-01   1.4382731e-01   6.8819981e-01
   6.6479283e-01   2.5290714e-01   1.4468450e-01   6.8786253e-01
   6.6441346e-01   2.5433242e-01   1.4554156e-01   6.8752268e-01
   6.6403261e-01   2.5575676e-01   1.4639845e-01   6.8718023e-01
   6.6365027e-01   2.5718018e-01   1.4725517e-01   6.8683520e-01
   6.6326645e-01   2.5860263e-01   1.4811171e-01   6.8648759e-01
   6.6288117e-01   2.6002417e-01   1.4896807e-01   6.8613738e-01
   6.6249440e-01   2.6144475e-01   1.4982427e-01   6.8578459e-01
   6.6210618e-01   2.6286440e-01   1.5068028e-01   6.8542919e-01
   6.6171646e-01   2.6428308e-01   1.5153610e-01   6.8507123e-01
   6.6132530e-01   2.6570080e-01   1.5239171e-01   6.8471067e-01
   6.6093264e-01   2.6711758e-01   1.5324715e-01   6.8434754e-01
   6.6053852e-01   2.6853339e-01   1.5410239e-01   6.8398183e-01
   6.6014294e-01   2.6994824e-01   1.5495741e-01   6.8361353e-01
   6.5974589e-01   2.7136210e-01   1.5581222e-01   6.8324265e-01
   6.5934738e-01   2.7277500e-01   1.5666683e-01   6.8286919e-01
   6.5894741e-01   2.7418693e-01   1.5752122e-01   6.8249315e-01
   6.5854598e-01   2.7559788e-01   1.5837538e-01   6.8211454e-01
   6.5814308e-01   2.7700784e-01   1.5922935e-01   6.8173335e-01
   6.5773873e-01   2.7841682e-01   1.6008308e-01   6.8134958e-01
   6.5733291e-01   2.7982481e-01   1.6093656e-01   6.8096324e-01
   6.5692565e-01   2.8123180e-01   1.6178982e-01   6.8057432e-01
   6.5651695e-01   2.8263779e-01   1.6264283e-01   6.8018283e-01
   6.5610678e-01   2.8404281e-01   1.6349561e-01   6.7978876e-01
   6.5569517e-01   2.8544680e-01   1.6434814e-01   6.7939212e-01
   6.5528211e-01   2.8684978e-01   1.6520042e-01   6.7899292e-01
   6.5486760e-01   2.8825177e-01   1.6605245e-01   6.7859114e-01
   6.5445162e-01   2.8965273e-01   1.6690421e-01   6.7818681e-01
   6.5403420e-01   2.9105269e-01   1.6775571e-01   6.7777992e-01
   6.5361536e-01   2.9245163e-01   1.6860696e-01   6.7737043e-01
   6.5319509e-01   2.9384952e-01   1.6945793e-01   6.7695838e-01
   6.5277337e-01   2.9524640e-01   1.7030863e-01   6.7654376e-01
   6.5235018e-01   2.9664225e-01   1.7115904e-01   6.7612661e-01
   6.5192560e-01   2.9803706e-01   1.7200916e-01   6.7570687e-01
   6.5149956e-01   2.9943084e-01   1.7285903e-01   6.7528457e-01
   6.5107210e-01   3.0082359e-01   1.7370859e-01   6.7485969e-01
   6.5064322e-01   3.0221527e-01   1.7455786e-01   6.7443227e-01
   6.5021287e-01   3.0360593e-01   1.7540685e-01   6.7400231e-01
   6.4978113e-01   3.0499552e-01   1.7625551e-01   6.7356975e-01
   6.4934794e-01   3.0638407e-01   1.7710388e-01   6.7313466e-01
   6.4891337e-01   3.0777155e-01   1.7795193e-01   6.7269698e-01
   6.4847733e-01   3.0915796e-01   1.7879968e-01   6.7225679e-01
   6.4803987e-01   3.1054333e-01   1.7964711e-01   6.7181403e-01
   6.4760103e-01   3.1192762e-01   1.8049423e-01   6.7136868e-01
   6.4716074e-01   3.1331084e-01   1.8134102e-01   6.7092081e-01
   6.4671902e-01   3.1469299e-01   1.8218749e-01   6.7047040e-01
   6.4627593e-01   3.1607405e-01   1.8303361e-01   6.7001740e-01
   6.4583142e-01   3.1745403e-01   1.8387942e-01   6.6956186e-01
   6.4538547e-01   3.1883294e-01   1.8472487e-01   6.6910378e-01
   6.4493812e-01   3.2021076e-01   1.8557001e-01   6.6864315e-01
   6.4448937e-01   3.2158748e-01   1.8641477e-01   6.6817997e-01
   6.4403924e-01   3.2296309e-01   1.8725918e-01   6.6771423e-01
   6.4358769e-01   3.2433763e-01   1.8810325e-01   6.6724594e-01
   6.4313474e-01   3.2571105e-01   1.8894697e-01   6.6677512e-01
   6.4268040e-01   3.2708338e-01   1.8979032e-01   6.6630174e-01
   6.4222465e-01   3.2845459e-01   1.9063331e-01   6.6582582e-01
   6.4176749e-01   3.2982470e-01   1.9147593e-01   6.6534737e-01
   6.4130896e-01   3.3119367e-01   1.9231819e-01   6.6486637e-01
   6.4084905e-01   3.3256153e-01   1.9316002e-01   6.6438282e-01
   6.4038771e-01   3.3392828e-01   1.9400152e-01   6.6389675e-01
   6.3992502e-01   3.3529391e-01   1.9484263e-01   6.6340810e-01
   6.3946098e-01   3.3665839e-01   1.9568335e-01   6.6291689e-01
   6.3899549e-01   3.3802175e-01   1.9652367e-01   6.6242321e-01
   6.3852862e-01   3.3938398e-01   1.9736363e-01   6.6192697e-01
   6.3806039e-01   3.4074506e-01   1.9820318e-01   6.6142818e-01
   6.3759080e-01   3.4210498e-01   1.9904229e-01   6.6092686e-01
   6.3711981e-01   3.4346378e-01   1.9988103e-01   6.6042301e-01
   6.3664747e-01   3.4482143e-01   2.0071934e-01   6.5991660e-01
   6.3617376e-01   3.4617792e-01   2.0155723e-01   6.5940767e-01
   6.3569866e-01   3.4753325e-01   2.0239473e-01   6.5889622e-01
   6.3522217e-01   3.4888744e-01   2.0323183e-01   6.5838223e-01
   6.3474437e-01   3.5024046e-01   2.0406848e-01   6.5786569e-01
   6.3426519e-01   3.5159230e-01   2.0490467e-01   6.5734664e-01
   6.3378463e-01   3.5294296e-01   2.0574048e-01   6.5682507e-01
   6.3330276e-01   3.5429247e-01   2.0657584e-01   6.5630091e-01
   6.3281947e-01   3.5564079e-01   2.0741075e-01   6.5577430e-01
   6.3233485e-01   3.5698795e-01   2.0824521e-01   6.5524513e-01
   6.3184887e-01   3.5833391e-01   2.0907926e-01   6.5471343e-01
   6.3136157e-01   3.5967869e-01   2.0991283e-01   6.5417919e-01
   6.3087291e-01   3.6102226e-01   2.1074594e-01   6.5364245e-01
   6.3038291e-01   3.6236466e-01   2.1157863e-01   6.5310314e-01
   6.2989156e-01   3.6370585e-01   2.1241082e-01   6.5256135e-01
   6.2939886e-01   3.6504584e-01   2.1324256e-01   6.5201704e-01
   6.2890482e-01   3.6638464e-01   2.1407386e-01   6.5147019e-01
   6.2840948e-01   3.6772221e-01   2.1490464e-01   6.5092081e-01
   6.2791276e-01   3.6905858e-01   2.1573498e-01   6.5036893e-01
   6.2741473e-01   3.7039374e-01   2.1656484e-01   6.4981451e-01
   6.2691537e-01   3.7172767e-01   2.1739422e-01   6.4925758e-01
   6.2641468e-01   3.7306039e-01   2.1822308e-01   6.4869814e-01
   6.2591266e-01   3.7439189e-01   2.1905151e-01   6.4813617e-01
   6.2540931e-01   3.7572215e-01   2.1987942e-01   6.4757170e-01
   6.2490467e-01   3.7705117e-01   2.2070680e-01   6.4700470e-01
   6.2439870e-01   3.7837897e-01   2.2153371e-01   6.4643517e-01
   6.2389142e-01   3.7970554e-01   2.2236011e-01   6.4586313e-01
   6.2338280e-01   3.8103086e-01   2.2318603e-01   6.4528859e-01
   6.2287290e-01   3.8235491e-01   2.2401140e-01   6.4471153e-01
   6.2236167e-01   3.8367777e-01   2.2483629e-01   6.4413195e-01
   6.2184915e-01   3.8499932e-01   2.2566066e-01   6.4354986e-01
   6.2133530e-01   3.8631965e-01   2.2648449e-01   6.4296528e-01
   6.2082018e-01   3.8763869e-01   2.2730780e-01   6.4237817e-01
   6.2030374e-01   3.8895650e-01   2.2813058e-01   6.4178856e-01
   6.1978598e-01   3.9027304e-01   2.2895285e-01   6.4119645e-01
   6.1926698e-01   3.9158828e-01   2.2977455e-01   6.4060181e-01
   6.1874665e-01   3.9290227e-01   2.3059575e-01   6.4000468e-01
   6.1822505e-01   3.9421498e-01   2.3141638e-01   6.3940503e-01
   6.1770217e-01   3.9552642e-01   2.3223648e-01   6.3880286e-01
   6.1717801e-01   3.9683655e-01   2.3305600e-01   6.3819821e-01
   6.1665252e-01   3.9814542e-01   2.3387502e-01   6.3759107e-01
   6.1612578e-01   3.9945298e-01   2.3469345e-01   6.3698141e-01
   6.1559778e-01   4.0075925e-01   2.3551132e-01   6.3636924e-01
   6.1506848e-01   4.0206424e-01   2.3632865e-01   6.3575458e-01
   6.1453791e-01   4.0336792e-01   2.3714540e-01   6.3513741e-01
   6.1400610e-01   4.0467030e-01   2.3796159e-01   6.3451773e-01
   6.1347299e-01   4.0597136e-01   2.3877719e-01   6.3389558e-01
   6.1293865e-01   4.0727112e-01   2.3959221e-01   6.3327089e-01
   6.1240301e-01   4.0856956e-01   2.4040667e-01   6.3264373e-01
   6.1186612e-01   4.0986670e-01   2.4122056e-01   6.3201406e-01
   6.1132800e-01   4.1116250e-01   2.4203382e-01   6.3138190e-01
   6.1078862e-01   4.1245698e-01   2.4284652e-01   6.3074723e-01
   6.1024796e-01   4.1375012e-01   2.4365863e-01   6.3011010e-01
   6.0970606e-01   4.1504197e-01   2.4447013e-01   6.2947044e-01
   6.0916294e-01   4.1633243e-01   2.4528104e-01   6.2882830e-01
   6.0861853e-01   4.1762159e-01   2.4609135e-01   6.2818369e-01
   6.0807293e-01   4.1890939e-01   2.4690103e-01   6.2753655e-01
   6.0752607e-01   4.2019585e-01   2.4771013e-01   6.2688692e-01
   6.0697798e-01   4.2148097e-01   2.4851859e-01   6.2623481e-01
   6.0642867e-01   4.2276472e-01   2.4932643e-01   6.2558020e-01
   6.0587810e-01   4.2404710e-01   2.5013368e-01   6.2492314e-01
   6.0532633e-01   4.2532815e-01   2.5094027e-01   6.2426354e-01
   6.0477336e-01   4.2660782e-01   2.5174626e-01   6.2360145e-01
   6.0421912e-01   4.2788613e-01   2.5255159e-01   6.2293693e-01
   6.0366369e-01   4.2916306e-01   2.5335632e-01   6.2226988e-01
   6.0310702e-01   4.3043866e-01   2.5416041e-01   6.2160033e-01
   6.0254912e-01   4.3171285e-01   2.5496387e-01   6.2092833e-01
   6.0199005e-01   4.3298566e-01   2.5576665e-01   6.2025384e-01
   6.0142976e-01   4.3425707e-01   2.5656880e-01   6.1957686e-01
   6.0086826e-01   4.3552713e-01   2.5737032e-01   6.1889738e-01
   6.0030560e-01   4.3679575e-01   2.5817114e-01   6.1821543e-01
   5.9974168e-01   4.3806302e-01   2.5897133e-01   6.1753101e-01
   5.9917658e-01   4.3932887e-01   2.5977089e-01   6.1684411e-01
   5.9861030e-01   4.4059332e-01   2.6056975e-01   6.1615472e-01
   5.9804281e-01   4.4185638e-01   2.6136795e-01   6.1546286e-01
   5.9747419e-01   4.4311801e-01   2.6216548e-01   6.1476848e-01
   5.9690431e-01   4.4437824e-01   2.6296232e-01   6.1407169e-01
   5.9633328e-01   4.4563704e-01   2.6375850e-01   6.1337240e-01
   5.9576111e-01   4.4689443e-01   2.6455401e-01   6.1267058e-01
   5.9518769e-01   4.4815041e-01   2.6534888e-01   6.1196634e-01
   5.9461315e-01   4.4940494e-01   2.6614300e-01   6.1125960e-01
   5.9403744e-01   4.5065805e-01   2.6693644e-01   6.1055039e-01
   5.9346052e-01   4.5190975e-01   2.6772920e-01   6.0983872e-01
   5.9288249e-01   4.5315996e-01   2.6852125e-01   6.0912457e-01
   5.9230327e-01   4.5440877e-01   2.6931260e-01   6.0840795e-01
   5.9172287e-01   4.5565612e-01   2.7010329e-01   6.0768887e-01
   5.9114135e-01   4.5690204e-01   2.7089324e-01   6.0696728e-01
   5.9055866e-01   4.5814652e-01   2.7168250e-01   6.0624324e-01
   5.8997483e-01   4.5938950e-01   2.7247101e-01   6.0551675e-01
   5.8938984e-01   4.6063107e-01   2.7325884e-01   6.0478777e-01
   5.8880374e-01   4.6187112e-01   2.7404594e-01   6.0405632e-01
   5.8821647e-01   4.6310975e-01   2.7483233e-01   6.0332241e-01
   5.8762811e-01   4.6434688e-01   2.7561798e-01   6.0258602e-01
   5.8703856e-01   4.6558258e-01   2.7640293e-01   6.0184717e-01
   5.8644790e-01   4.6681676e-01   2.7718712e-01   6.0110587e-01
   5.8585611e-01   4.6804947e-01   2.7797058e-01   6.0036211e-01
   5.8526321e-01   4.6928071e-01   2.7875331e-01   5.9961586e-01
   5.8466917e-01   4.7051045e-01   2.7953532e-01   5.9886717e-01
   5.8407396e-01   4.7173873e-01   2.8031662e-01   5.9811601e-01
   5.8347770e-01   4.7296549e-01   2.8109712e-01   5.9736239e-01
   5.8288034e-01   4.7419076e-01   2.8187688e-01   5.9660629e-01
   5.8228185e-01   4.7541450e-01   2.8265587e-01   5.9584776e-01
   5.8168226e-01   4.7663675e-01   2.8343411e-01   5.9508677e-01
   5.8108158e-01   4.7785752e-01   2.8421162e-01   5.9432327e-01
   5.8047979e-01   4.7907675e-01   2.8498835e-01   5.9355734e-01
   5.7987687e-01   4.8029447e-01   2.8576430e-01   5.9278900e-01
   5.7927290e-01   4.8151068e-01   2.8653952e-01   5.9201814e-01
   5.7866782e-01   4.8272535e-01   2.8731396e-01   5.9124485e-01
   5.7806167e-01   4.8393850e-01   2.8808763e-01   5.9046910e-01
   5.7745442e-01   4.8515011e-01   2.8886051e-01   5.8969090e-01
   5.7684610e-01   4.8636020e-01   2.8963260e-01   5.8891025e-01
   5.7623671e-01   4.8756874e-01   2.9040395e-01   5.8812714e-01
   5.7562623e-01   4.8877577e-01   2.9117448e-01   5.8734156e-01
   5.7501468e-01   4.8998123e-01   2.9194424e-01   5.8655356e-01
   5.7440207e-01   4.9118516e-01   2.9271320e-01   5.8576308e-01
   5.7378840e-01   4.9238750e-01   2.9348136e-01   5.8497018e-01
   5.7317368e-01   4.9358830e-01   2.9424877e-01   5.8417479e-01
   5.7255787e-01   4.9478754e-01   2.9501531e-01   5.8337702e-01
   5.7194104e-01   4.9598520e-01   2.9578109e-01   5.8257676e-01
   5.7132314e-01   4.9718135e-01   2.9654604e-01   5.8177403e-01
   5.7070417e-01   4.9837590e-01   2.9731022e-01   5.8096888e-01
   5.7008423e-01   4.9956884e-01   2.9807354e-01   5.8016128e-01
   5.6946322e-01   5.0076022e-01   2.9883606e-01   5.7935124e-01
   5.6884113e-01   5.0195007e-01   2.9959780e-01   5.7853873e-01
   5.6821808e-01   5.0313825e-01   3.0035867e-01   5.7772379e-01
   5.6759395e-01   5.0432489e-01   3.0111874e-01   5.7690642e-01
   5.6696882e-01   5.0550992e-01   3.0187796e-01   5.7608661e-01
   5.6634262e-01   5.0669340e-01   3.0263641e-01   5.7526432e-01
   5.6571542e-01   5.0787523e-01   3.0339399e-01   5.7443964e-01
   5.6508724e-01   5.0905546e-01   3.0415071e-01   5.7361249e-01
   5.6445803e-01   5.1023412e-01   3.0490668e-01   5.7278285e-01
   5.6382779e-01   5.1141112e-01   3.0566174e-01   5.7195086e-01
   5.6319655e-01   5.1258654e-01   3.0641598e-01   5.7111639e-01
   5.6256433e-01   5.1376032e-01   3.0716931e-01   5.7027951e-01
   5.6193108e-01   5.1493249e-01   3.0792187e-01   5.6944017e-01
   5.6129689e-01   5.1610299e-01   3.0867354e-01   5.6859842e-01
   5.6066165e-01   5.1727194e-01   3.0942440e-01   5.6775417e-01
   5.6002546e-01   5.1843919e-01   3.1017433e-01   5.6690755e-01
   5.5938825e-01   5.1960484e-01   3.1092345e-01   5.6605848e-01
   5.5875009e-01   5.2076881e-01   3.1167171e-01   5.6520698e-01
   5.5811097e-01   5.2193115e-01   3.1241908e-01   5.6435303e-01
   5.5747081e-01   5.2309188e-01   3.1316562e-01   5.6349665e-01
   5.5682976e-01   5.2425091e-01   3.1391122e-01   5.6263785e-01
   5.5618769e-01   5.2540829e-01   3.1465604e-01   5.6177661e-01
   5.5554464e-01   5.2656404e-01   3.1539993e-01   5.6091296e-01
   5.5490068e-01   5.2771811e-01   3.1614294e-01   5.6004685e-01
   5.5425576e-01   5.2887048e-01   3.1688504e-01   5.5917837e-01
   5.5360982e-01   5.3002124e-01   3.1762633e-01   5.5830741e-01
   5.5296300e-01   5.3117029e-01   3.1836670e-01   5.5743402e-01
   5.5231524e-01   5.3231765e-01   3.1910617e-01   5.5655822e-01
   5.5166650e-01   5.3346334e-01   3.1984475e-01   5.5568001e-01
   5.5101689e-01   5.3460733e-01   3.2058242e-01   5.5479933e-01
   5.5036629e-01   5.3574963e-01   3.2131920e-01   5.5391628e-01
   5.4971473e-01   5.3689029e-01   3.2205511e-01   5.5303077e-01
   5.4906231e-01   5.3802919e-01   3.2279007e-01   5.5214287e-01
   5.4840893e-01   5.3916641e-01   3.2352417e-01   5.5125251e-01
   5.4775466e-01   5.4030191e-01   3.2425732e-01   5.5035976e-01
   5.4709945e-01   5.4143570e-01   3.2498958e-01   5.4946461e-01
   5.4644335e-01   5.4256780e-01   3.2572093e-01   5.4856698e-01
   5.4578632e-01   5.4369817e-01   3.2645135e-01   5.4766697e-01
   5.4512840e-01   5.4482681e-01   3.2718085e-01   5.4676454e-01
   5.4446956e-01   5.4595375e-01   3.2790947e-01   5.4585967e-01
   5.4380986e-01   5.4707893e-01   3.2863708e-01   5.4495243e-01
   5.4314926e-01   5.4820239e-01   3.2936383e-01   5.4404272e-01
   5.4248774e-01   5.4932414e-01   3.3008966e-01   5.4313061e-01
   5.4182536e-01   5.5044411e-01   3.3081449e-01   5.4221613e-01
   5.4116208e-01   5.5156235e-01   3.3153848e-01   5.4129919e-01
   5.4049795e-01   5.5267884e-01   3.3226150e-01   5.4037983e-01
   5.3983297e-01   5.5379354e-01   3.3298351e-01   5.3945811e-01
   5.3916706e-01   5.5490654e-01   3.3370464e-01   5.3853395e-01
   5.3850031e-01   5.5601777e-01   3.3442484e-01   5.3760738e-01
   5.3783268e-01   5.5712723e-01   3.3514405e-01   5.3667841e-01
   5.3716422e-01   5.5823493e-01   3.3586233e-01   5.3574702e-01
   5.3649489e-01   5.5934084e-01   3.3657966e-01   5.3481323e-01
   5.3582474e-01   5.6044498e-01   3.3729605e-01   5.3387700e-01
   5.3515374e-01   5.6154732e-01   3.3801141e-01   5.3293843e-01
   5.3448189e-01   5.6264790e-01   3.3872590e-01   5.3199739e-01
   5.3380920e-01   5.6374667e-01   3.3943935e-01   5.3105401e-01
   5.3313564e-01   5.6484368e-01   3.4015192e-01   5.3010817e-01
   5.3246130e-01   5.6593888e-01   3.4086347e-01   5.2915995e-01
   5.3178612e-01   5.6703228e-01   3.4157404e-01   5.2820933e-01
   5.3111011e-01   5.6812389e-01   3.4228364e-01   5.2725631e-01
   5.3043328e-01   5.6921367e-01   3.4299232e-01   5.2630087e-01
   5.2975565e-01   5.7030165e-01   3.4369998e-01   5.2534304e-01
   5.2907721e-01   5.7138779e-01   3.4440667e-01   5.2438283e-01
   5.2839793e-01   5.7247215e-01   3.4511240e-01   5.2342019e-01
   5.2771788e-01   5.7355469e-01   3.4581713e-01   5.2245514e-01
   5.2703703e-01   5.7463536e-01   3.4652089e-01   5.2148772e-01
   5.2635538e-01   5.7571423e-01   3.4722361e-01   5.2051792e-01
   5.2567298e-01   5.7679124e-01   3.4792536e-01   5.1954569e-01
   5.2498976e-01   5.7786642e-01   3.4862613e-01   5.1857109e-01
   5.2430573e-01   5.7893976e-01   3.4932592e-01   5.1759410e-01
   5.2362098e-01   5.8001125e-01   3.5002464e-01   5.1661472e-01
   5.2293541e-01   5.8108090e-01   3.5072242e-01   5.1563294e-01
   5.2224908e-01   5.8214870e-01   3.5141922e-01   5.1464874e-01
   5.2156202e-01   5.8321460e-01   3.5211495e-01   5.1366220e-01
   5.2087414e-01   5.8427866e-01   3.5280975e-01   5.1267325e-01
   5.2018555e-01   5.8534086e-01   3.5350347e-01   5.1168190e-01
   5.1949619e-01   5.8640118e-01   3.5419620e-01   5.1068818e-01
   5.1880606e-01   5.8745964e-01   3.5488795e-01   5.0969205e-01
   5.1811522e-01   5.8851620e-01   3.5557868e-01   5.0869353e-01
   5.1742364e-01   5.8957087e-01   3.5626833e-01   5.0769267e-01
   5.1673131e-01   5.9062367e-01   3.5695699e-01   5.0668939e-01
   5.1603830e-01   5.9167455e-01   3.5764463e-01   5.0568372e-01
   5.1534445e-01   5.9272357e-01   3.5833127e-01   5.0467571e-01
   5.1464997e-01   5.9377066e-01   3.5901685e-01   5.0366528e-01
   5.1395472e-01   5.9481586e-01   3.5970144e-01   5.0265248e-01
   5.1325878e-01   5.9585915e-01   3.6038494e-01   5.0163731e-01
   5.1256218e-01   5.9690050e-01   3.6106740e-01   5.0061975e-01
   5.1186479e-01   5.9793997e-01   3.6174886e-01   4.9959983e-01
   5.1116670e-01   5.9897752e-01   3.6242929e-01   4.9857752e-01
   5.1046798e-01   6.0001311e-01   3.6310868e-01   4.9755281e-01
   5.0976852e-01   6.0104680e-01   3.6378701e-01   4.9652574e-01
   5.0906841e-01   6.0207852e-01   3.6446429e-01   4.9549631e-01
   5.0836756e-01   6.0310834e-01   3.6514052e-01   4.9446452e-01
   5.0766608e-01   6.0413620e-01   3.6581571e-01   4.9343032e-01
   5.0696388e-01   6.0516213e-01   3.6648990e-01   4.9239372e-01
   5.0626101e-01   6.0618610e-01   3.6716299e-01   4.9135479e-01
   5.0555751e-01   6.0720809e-01   3.6783500e-01   4.9031352e-01
   5.0485333e-01   6.0822815e-01   3.6850596e-01   4.8926985e-01
   5.0414846e-01   6.0924625e-01   3.6917594e-01   4.8822378e-01
   5.0344298e-01   6.1026236e-01   3.6984475e-01   4.8717541e-01
   5.0273682e-01   6.1127651e-01   3.7051258e-01   4.8612462e-01
   5.0203005e-01   6.1228867e-01   3.7117923e-01   4.8507153e-01
   5.0132261e-01   6.1329888e-01   3.7184492e-01   4.8401600e-01
   5.0061453e-01   6.1430709e-01   3.7250950e-01   4.8295814e-01
   4.9990583e-01   6.1531330e-01   3.7317308e-01   4.8189787e-01
   4.9919649e-01   6.1631753e-01   3.7383547e-01   4.8083532e-01
   4.9848655e-01   6.1731975e-01   3.7449688e-01   4.7977034e-01
   4.9777595e-01   6.1832001e-01   3.7515717e-01   4.7870302e-01
   4.9706479e-01   6.1931819e-01   3.7581632e-01   4.7763341e-01
   4.9635298e-01   6.2031441e-01   3.7647451e-01   4.7656133e-01
   4.9564056e-01   6.2130862e-01   3.7713155e-01   4.7548694e-01
   4.9492757e-01   6.2230078e-01   3.7778748e-01   4.7441022e-01
   4.9421400e-01   6.2329092e-01   3.7844234e-01   4.7333111e-01
   4.9349978e-01   6.2427906e-01   3.7909615e-01   4.7224965e-01
   4.9278501e-01   6.2526515e-01   3.7974884e-01   4.7116584e-01
   4.9206963e-01   6.2624921e-01   3.8040046e-01   4.7007966e-01
   4.9135369e-01   6.2723123e-01   3.8105094e-01   4.6899117e-01
   4.9063714e-01   6.2821121e-01   3.8170035e-01   4.6790032e-01
   4.8992012e-01   6.2918911e-01   3.8234863e-01   4.6680710e-01
   4.8920244e-01   6.3016499e-01   3.8299584e-01   4.6571155e-01
   4.8848420e-01   6.3113881e-01   3.8364201e-01   4.6461360e-01
   4.8776545e-01   6.3211055e-01   3.8428696e-01   4.6351338e-01
   4.8704614e-01   6.3308022e-01   3.8493087e-01   4.6241077e-01
   4.8632628e-01   6.3404782e-01   3.8557364e-01   4.6130584e-01
   4.8560587e-01   6.3501335e-01   3.8621535e-01   4.6019853e-01
   4.8488490e-01   6.3597682e-01   3.8685593e-01   4.5908889e-01
   4.8416342e-01   6.3693819e-01   3.8749536e-01   4.5797693e-01
   4.8344143e-01   6.3789746e-01   3.8813367e-01   4.5686263e-01
   4.8271891e-01   6.3885464e-01   3.8877088e-01   4.5574600e-01
   4.8199585e-01   6.3980973e-01   3.8940699e-01   4.5462700e-01
   4.8127231e-01   6.4076271e-01   3.9004195e-01   4.5350567e-01
   4.8054822e-01   6.4171359e-01   3.9067585e-01   4.5238197e-01
   4.7982364e-01   6.4266236e-01   3.9130854e-01   4.5125601e-01
   4.7909855e-01   6.4360902e-01   3.9194015e-01   4.5012769e-01
   4.7837298e-01   6.4455353e-01   3.9257069e-01   4.4899698e-01
   4.7764693e-01   6.4549594e-01   3.9320001e-01   4.4786399e-01
   4.7692037e-01   6.4643621e-01   3.9382822e-01   4.4672869e-01
   4.7619336e-01   6.4737434e-01   3.9445530e-01   4.4559103e-01
   4.7546583e-01   6.4831036e-01   3.9508125e-01   4.4445104e-01
   4.7473785e-01   6.4924422e-01   3.9570605e-01   4.4330875e-01
   4.7400940e-01   6.5017593e-01   3.9632976e-01   4.4216408e-01
   4.7328052e-01   6.5110547e-01   3.9695223e-01   4.4101716e-01
   4.7255114e-01   6.5203289e-01   3.9757371e-01   4.3986780e-01
   4.7182135e-01   6.5295812e-01   3.9819390e-01   4.3871623e-01
   4.7109104e-01   6.5388121e-01   3.9881305e-01   4.3756228e-01
   4.7036031e-01   6.5480211e-01   3.9943103e-01   4.3640603e-01
   4.6962921e-01   6.5572083e-01   4.0004782e-01   4.3524746e-01
   4.6889759e-01   6.5663739e-01   4.0066350e-01   4.3408657e-01
   4.6816560e-01   6.5755176e-01   4.0127797e-01   4.3292338e-01
   4.6743316e-01   6.5846392e-01   4.0189138e-01   4.3175783e-01
   4.6670032e-01   6.5937389e-01   4.0250358e-01   4.3059000e-01
   4.6596701e-01   6.6028170e-01   4.0311464e-01   4.2941985e-01
   4.6523337e-01   6.6118727e-01   4.0372454e-01   4.2824737e-01
   4.6449928e-01   6.6209066e-01   4.0433325e-01   4.2707260e-01
   4.6376477e-01   6.6299182e-01   4.0494088e-01   4.2589550e-01
   4.6302992e-01   6.6389074e-01   4.0554731e-01   4.2471608e-01
   4.6229464e-01   6.6478749e-01   4.0615253e-01   4.2353440e-01
   4.6155898e-01   6.6568198e-01   4.0675665e-01   4.2235037e-01
   4.6082297e-01   6.6657424e-01   4.0735956e-01   4.2116407e-01
   4.6008653e-01   6.6746427e-01   4.0796136e-01   4.1997543e-01
   4.5934979e-01   6.6835204e-01   4.0856191e-01   4.1878453e-01
   4.5861261e-01   6.6923761e-01   4.0916135e-01   4.1759129e-01
   4.5787510e-01   6.7012091e-01   4.0975960e-01   4.1639576e-01
   4.5713724e-01   6.7100195e-01   4.1035667e-01   4.1519794e-01
   4.5639906e-01   6.7188071e-01   4.1095257e-01   4.1399782e-01
   4.5566046e-01   6.7275725e-01   4.1154734e-01   4.1279537e-01
   4.5492157e-01   6.7363150e-01   4.1214088e-01   4.1159065e-01
   4.5418233e-01   6.7450347e-01   4.1273323e-01   4.1038368e-01
   4.5344274e-01   6.7537318e-01   4.1332444e-01   4.0917436e-01
   4.5270286e-01   6.7624059e-01   4.1391444e-01   4.0796277e-01
   4.5196265e-01   6.7710571e-01   4.1450331e-01   4.0674884e-01
   4.5122213e-01   6.7796854e-01   4.1509091e-01   4.0553272e-01
   4.5048126e-01   6.7882909e-01   4.1567739e-01   4.0431424e-01
   4.4974016e-01   6.7968730e-01   4.1626264e-01   4.0309351e-01
   4.4899868e-01   6.8054325e-01   4.1684678e-01   4.0187042e-01
   4.4825698e-01   6.8139684e-01   4.1742966e-01   4.0064512e-01
   4.4751489e-01   6.8224815e-01   4.1801138e-01   3.9941753e-01
   4.4677261e-01   6.8309711e-01   4.1859187e-01   3.9818767e-01
   4.4602999e-01   6.8394378e-01   4.1917120e-01   3.9695550e-01
   4.4528712e-01   6.8478807e-01   4.1974937e-01   3.9572104e-01
   4.4454399e-01   6.8563005e-01   4.2032627e-01   3.9448435e-01
   4.4380055e-01   6.8646970e-01   4.2090201e-01   3.9324538e-01
   4.4305690e-01   6.8730697e-01   4.2147656e-01   3.9200410e-01
   4.4231297e-01   6.8814191e-01   4.2204991e-01   3.9076056e-01
   4.4156878e-01   6.8897450e-01   4.2262207e-01   3.8951476e-01
   4.4082435e-01   6.8980473e-01   4.2319302e-01   3.8826666e-01
   4.4007970e-01   6.9063259e-01   4.2376270e-01   3.8701635e-01
   4.3933481e-01   6.9145807e-01   4.2433125e-01   3.8576373e-01
   4.3858969e-01   6.9228117e-01   4.2489861e-01   3.8450883e-01
   4.3784430e-01   6.9310190e-01   4.2546476e-01   3.8325169e-01
   4.3709875e-01   6.9392023e-01   4.2602965e-01   3.8199232e-01
   4.3635298e-01   6.9473618e-01   4.2659336e-01   3.8073065e-01
   4.3560700e-01   6.9554973e-01   4.2715584e-01   3.7946674e-01
   4.3486081e-01   6.9636088e-01   4.2771714e-01   3.7820055e-01
   4.3411437e-01   6.9716963e-01   4.2827726e-01   3.7693210e-01
   4.3336782e-01   6.9797595e-01   4.2883608e-01   3.7566144e-01
   4.3262104e-01   6.9877987e-01   4.2939374e-01   3.7438849e-01
   4.3187410e-01   6.9958135e-01   4.2995020e-01   3.7311328e-01
   4.3112689e-01   7.0038045e-01   4.3050546e-01   3.7183582e-01
   4.3037962e-01   7.0117707e-01   4.3105946e-01   3.7055613e-01
   4.2963218e-01   7.0197125e-01   4.3161223e-01   3.6927420e-01
   4.2888449e-01   7.0276304e-01   4.3216380e-01   3.6799002e-01
   4.2813669e-01   7.0355234e-01   4.3271417e-01   3.6670358e-01
   4.2738879e-01   7.0433918e-01   4.3326328e-01   3.6541493e-01
   4.2664065e-01   7.0512360e-01   4.3381122e-01   3.6412400e-01
   4.2589246e-01   7.0590553e-01   4.3435786e-01   3.6283087e-01
   4.2514408e-01   7.0668500e-01   4.3490337e-01   3.6153545e-01
   4.2439556e-01   7.0746202e-01   4.3544759e-01   3.6023784e-01
   4.2364692e-01   7.0823652e-01   4.3599066e-01   3.5893796e-01
   4.2289821e-01   7.0900854e-01   4.3653243e-01   3.5763588e-01
   4.2214934e-01   7.0977810e-01   4.3707300e-01   3.5633155e-01
   4.2140034e-01   7.1054516e-01   4.3761235e-01   3.5502501e-01
   4.2065130e-01   7.1130971e-01   4.3815043e-01   3.5371623e-01
   4.1990213e-01   7.1207176e-01   4.3868733e-01   3.5240522e-01
   4.1915285e-01   7.1283130e-01   4.3922302e-01   3.5109197e-01
   4.1840350e-01   7.1358833e-01   4.3975742e-01   3.4977653e-01
   4.1765409e-01   7.1434282e-01   4.4029058e-01   3.4845889e-01
   4.1690455e-01   7.1509482e-01   4.4082256e-01   3.4713898e-01
   4.1615499e-01   7.1584426e-01   4.4135326e-01   3.4581689e-01
   4.1540532e-01   7.1659119e-01   4.4188275e-01   3.4449257e-01
   4.1465563e-01   7.1733555e-01   4.4241100e-01   3.4316604e-01
   4.1390585e-01   7.1807738e-01   4.4293802e-01   3.4183729e-01
   4.1315602e-01   7.1881665e-01   4.4346384e-01   3.4050631e-01
   4.1240617e-01   7.1955338e-01   4.4398834e-01   3.3917317e-01
   4.1165628e-01   7.2028752e-01   4.4451165e-01   3.3783782e-01
   4.1090631e-01   7.2101913e-01   4.4503374e-01   3.3650022e-01
   4.1015637e-01   7.2174814e-01   4.4555453e-01   3.3516047e-01
   4.0940637e-01   7.2247457e-01   4.4607415e-01   3.3381847e-01
   4.0865638e-01   7.2319842e-01   4.4659247e-01   3.3247432e-01
   4.0790634e-01   7.2391968e-01   4.4710964e-01   3.3112790e-01
   4.0715637e-01   7.2463834e-01   4.4762542e-01   3.2977938e-01
   4.0640627e-01   7.2535443e-01   4.4814007e-01   3.2842862e-01
   4.0565629e-01   7.2606788e-01   4.4865345e-01   3.2707567e-01
   4.0490626e-01   7.2677873e-01   4.4916557e-01   3.2572056e-01
   4.0415628e-01   7.2748697e-01   4.4967644e-01   3.2436323e-01
   4.0340627e-01   7.2819258e-01   4.5018614e-01   3.2300369e-01
   4.0265636e-01   7.2889556e-01   4.5069449e-01   3.2164203e-01
   4.0190643e-01   7.2959591e-01   4.5120166e-01   3.2027815e-01
   4.0115654e-01   7.3029363e-01   4.5170755e-01   3.1891210e-01
   4.0040671e-01   7.3098869e-01   4.5221224e-01   3.1754386e-01
   3.9965690e-01   7.3168112e-01   4.5271566e-01   3.1617343e-01
   3.9890716e-01   7.3237088e-01   4.5321779e-01   3.1480090e-01
   3.9815746e-01   7.3305800e-01   4.5371872e-01   3.1342612e-01
   3.9740787e-01   7.3374242e-01   4.5421837e-01   3.1204923e-01
   3.9665831e-01   7.3442419e-01   4.5471682e-01   3.1067010e-01
   3.9590888e-01   7.3510327e-01   4.5521393e-01   3.0928889e-01
   3.9515946e-01   7.3577969e-01   4.5570984e-01   3.0790550e-01
   3.9441016e-01   7.3645341e-01   4.5620450e-01   3.0651992e-01
   3.9366095e-01   7.3712442e-01   4.5669791e-01   3.0513220e-01
   3.9291180e-01   7.3779276e-01   4.5719009e-01   3.0374230e-01
   3.9216281e-01   7.3845837e-01   4.5768099e-01   3.0235025e-01
   3.9141390e-01   7.3912129e-01   4.5817062e-01   3.0095609e-01
   3.9066514e-01   7.3978146e-01   4.5865902e-01   2.9955974e-01
   3.8991648e-01   7.4043893e-01   4.5914615e-01   2.9816127e-01
   3.8916795e-01   7.4109366e-01   4.5963205e-01   2.9676064e-01
   3.8841951e-01   7.4174568e-01   4.6011668e-01   2.9535787e-01
   3.8767122e-01   7.4239495e-01   4.6060009e-01   2.9395294e-01
   3.8692312e-01   7.4304146e-01   4.6108218e-01   2.9254591e-01
   3.8617513e-01   7.4368523e-01   4.6156308e-01   2.9113670e-01
   3.8542727e-01   7.4432626e-01   4.6204267e-01   2.8972541e-01
   3.8467965e-01   7.4496449e-01   4.6252102e-01   2.8831197e-01
   3.8393213e-01   7.4559999e-01   4.6299810e-01   2.8689639e-01
   3.8318478e-01   7.4623270e-01   4.6347395e-01   2.8547867e-01
   3.8243764e-01   7.4686262e-01   4.6394853e-01   2.8405886e-01
   3.8169067e-01   7.4748976e-01   4.6442186e-01   2.8263692e-01
   3.8094387e-01   7.4811411e-01   4.6489396e-01   2.8121283e-01
   3.8019725e-01   7.4873568e-01   4.6536475e-01   2.7978666e-01
   3.7945089e-01   7.4935442e-01   4.6583430e-01   2.7835836e-01
   3.7870472e-01   7.4997035e-01   4.6630259e-01   2.7692795e-01
   3.7795871e-01   7.5058350e-01   4.6676964e-01   2.7549543e-01
   3.7721294e-01   7.5119381e-01   4.6723542e-01   2.7406080e-01
   3.7646743e-01   7.5180128e-01   4.6769990e-01   2.7262411e-01
   3.7572210e-01   7.5240594e-01   4.6816318e-01   2.7118526e-01
   3.7497701e-01   7.5300774e-01   4.6862522e-01   2.6974429e-01
   3.7423215e-01   7.5360672e-01   4.6908594e-01   2.6830129e-01
   3.7348757e-01   7.5420283e-01   4.6954543e-01   2.6685618e-01
   3.7274320e-01   7.5479610e-01   4.7000366e-01   2.6540895e-01
   3.7199914e-01   7.5538649e-01   4.7046061e-01   2.6395967e-01
   3.7125533e-01   7.5597401e-01   4.7091632e-01   2.6250828e-01
   3.7051177e-01   7.5655868e-01   4.7137075e-01   2.6105481e-01
   3.6976844e-01   7.5714047e-01   4.7182395e-01   2.5959926e-01
   3.6902545e-01   7.5771934e-01   4.7227587e-01   2.5814165e-01
   3.6828273e-01   7.5829535e-01   4.7272654e-01   2.5668193e-01
   3.6754030e-01   7.5886845e-01   4.7317597e-01   2.5522012e-01
   3.6679813e-01   7.5943866e-01   4.7362411e-01   2.5375630e-01
   3.6605632e-01   7.6000594e-01   4.7407100e-01   2.5229038e-01
   3.6531478e-01   7.6057031e-01   4.7451664e-01   2.5082239e-01
   3.6457356e-01   7.6113176e-01   4.7496101e-01   2.4935236e-01
   3.6383265e-01   7.6169030e-01   4.7540409e-01   2.4788030e-01
   3.6309208e-01   7.6224589e-01   4.7584596e-01   2.4640611e-01
   3.6235185e-01   7.6279853e-01   4.7628654e-01   2.4492994e-01
   3.6161195e-01   7.6334823e-01   4.7672588e-01   2.4345165e-01
   3.6087239e-01   7.6389499e-01   4.7716393e-01   2.4197137e-01
   3.6013316e-01   7.6443879e-01   4.7760075e-01   2.4048902e-01
   3.5939430e-01   7.6497961e-01   4.7803632e-01   2.3900462e-01
   3.5865579e-01   7.6551749e-01   4.7847058e-01   2.3751823e-01
   3.5791763e-01   7.6605237e-01   4.7890364e-01   2.3602975e-01
   3.5717989e-01   7.6658425e-01   4.7933545e-01   2.3453922e-01
   3.5644250e-01   7.6711317e-01   4.7976595e-01   2.3304670e-01
   3.5570548e-01   7.6763909e-01   4.8019519e-01   2.3155220e-01
   3.5496893e-01   7.6816198e-01   4.8062320e-01   2.3005560e-01
   3.5423269e-01   7.6868188e-01   4.8104997e-01   2.2855697e-01
   3.5349683e-01   7.6919880e-01   4.8147544e-01   2.2705640e-01
   3.5276146e-01   7.6971265e-01   4.8189967e-01   2.2555378e-01
   3.5202648e-01   7.7022348e-01   4.8232263e-01   2.2404916e-01
   3.5129191e-01   7.7073128e-01   4.8274439e-01   2.2254245e-01
   3.5055776e-01   7.7123606e-01   4.8316481e-01   2.2103386e-01
   3.4982402e-01   7.7173779e-01   4.8358403e-01   2.1952317e-01
   3.4909068e-01   7.7223648e-01   4.8400198e-01   2.1801055e-01
   3.4835787e-01   7.7273207e-01   4.8441871e-01   2.1649586e-01
   3.4762538e-01   7.7322466e-01   4.8483414e-01   2.1497925e-01
   3.4689346e-01   7.7371412e-01   4.8524832e-01   2.1346065e-01
   3.4616198e-01   7.7420053e-01   4.8566126e-01   2.1193999e-01
   3.4543095e-01   7.7468386e-01   4.8607291e-01   2.1041747e-01
   3.4470039e-01   7.7516409e-01   4.8648335e-01   2.0889287e-01
   3.4397035e-01   7.7564122e-01   4.8689249e-01   2.0736635e-01
   3.4324076e-01   7.7611524e-01   4.8730044e-01   2.0583780e-01
   3.4251158e-01   7.7658619e-01   4.8770709e-01   2.0430735e-01
   3.4178301e-01   7.7705399e-01   4.8811250e-01   2.0277491e-01
   3.4105491e-01   7.7751867e-01   4.8851667e-01   2.0124048e-01
   3.4032725e-01   7.7798026e-01   4.8891956e-01   1.9970415e-01
   3.3960020e-01   7.7843866e-01   4.8932122e-01   1.9816581e-01
   3.3887361e-01   7.7889396e-01   4.8972163e-01   1.9662553e-01
   3.3814756e-01   7.7934609e-01   4.9012079e-01   1.9508333e-01
   3.3742199e-01   7.7979510e-01   4.9051869e-01   1.9353918e-01
   3.3669706e-01   7.8024091e-01   4.9091533e-01   1.9199310e-01
   3.3597264e-01   7.8068355e-01   4.9131076e-01   1.9044503e-01
   3.3524868e-01   7.8112307e-01   4.9170492e-01   1.8889508e-01
   3.3452533e-01   7.8155936e-01   4.9209785e-01   1.8734319e-01
   3.3380256e-01   7.8199249e-01   4.9248949e-01   1.8578940e-01
   3.3308038e-01   7.8242240e-01   4.9287992e-01   1.8423362e-01
   3.3235872e-01   7.8284913e-01   4.9326911e-01   1.8267596e-01
   3.3163759e-01   7.8327267e-01   4.9365706e-01   1.8111640e-01
   3.3091715e-01   7.8369296e-01   4.9404373e-01   1.7955492e-01
   3.3019729e-01   7.8411004e-01   4.9442917e-01   1.7799152e-01
   3.2947795e-01   7.8452392e-01   4.9481338e-01   1.7642625e-01
   3.2875921e-01   7.8493457e-01   4.9519634e-01   1.7485907e-01
   3.2804117e-01   7.8534194e-01   4.9557808e-01   1.7328994e-01
   3.2732368e-01   7.8574609e-01   4.9595854e-01   1.7171899e-01
   3.2660677e-01   7.8614700e-01   4.9633779e-01   1.7014614e-01
   3.2589060e-01   7.8654461e-01   4.9671580e-01   1.6857136e-01
   3.2517494e-01   7.8693902e-01   4.9709253e-01   1.6699478e-01
   3.2445995e-01   7.8733011e-01   4.9746807e-01   1.6541629e-01
   3.2374567e-01   7.8771793e-01   4.9784236e-01   1.6383589e-01
   3.2303199e-01   7.8810247e-01   4.9821540e-01   1.6225369e-01
   3.2231894e-01   7.8848371e-01   4.9858723e-01   1.6066957e-01
   3.2160658e-01   7.8886167e-01   4.9895779e-01   1.5908363e-01
   3.2089492e-01   7.8923630e-01   4.9932713e-01   1.5749583e-01
   3.2018386e-01   7.8960764e-01   4.9969525e-01   1.5590616e-01
   3.1947345e-01   7.8997566e-01   5.0006214e-01   1.5431469e-01
   3.1876384e-01   7.9034033e-01   5.0042779e-01   1.5272133e-01
   3.1805487e-01   7.9070169e-01   5.0079220e-01   1.5112614e-01
   3.1734657e-01   7.9105971e-01   5.0115540e-01   1.4952912e-01
   3.1663905e-01   7.9141436e-01   5.0151734e-01   1.4793029e-01
   3.1593208e-01   7.9176572e-01   5.0187808e-01   1.4632966e-01
   3.1522599e-01   7.9211364e-01   5.0223762e-01   1.4472711e-01
   3.1452054e-01   7.9245824e-01   5.0259587e-01   1.4312286e-01
   3.1381586e-01   7.9279946e-01   5.0295292e-01   1.4151674e-01
   3.1311185e-01   7.9313731e-01   5.0330875e-01   1.3990882e-01
   3.1240861e-01   7.9347176e-01   5.0366336e-01   1.3829912e-01
   3.1170613e-01   7.9380282e-01   5.0401675e-01   1.3668760e-01
   3.1100437e-01   7.9413048e-01   5.0436891e-01   1.3507431e-01
   3.1030340e-01   7.9445472e-01   5.0471985e-01   1.3345922e-01
   3.0960314e-01   7.9477558e-01   5.0506957e-01   1.3184233e-01
   3.0890373e-01   7.9509298e-01   5.0541808e-01   1.3022367e-01
   3.0820508e-01   7.9540696e-01   5.0576536e-01   1.2860325e-01
   3.0750711e-01   7.9571755e-01   5.0611143e-01   1.2698107e-01
   3.0681008e-01   7.9602463e-01   5.0645628e-01   1.2535709e-01
   3.0611370e-01   7.9632832e-01   5.0679991e-01   1.2373140e-01
   3.0541819e-01   7.9662852e-01   5.0714236e-01   1.2210389e-01
   3.0472338e-01   7.9692530e-01   5.0748357e-01   1.2047470e-01
   3.0402953e-01   7.9721855e-01   5.0782358e-01   1.1884372e-01
   3.0333640e-01   7.9750837e-01   5.0816240e-01   1.1721098e-01
   3.0264409e-01   7.9779471e-01   5.0849996e-01   1.1557659e-01
   3.0195272e-01   7.9807752e-01   5.0883633e-01   1.1394041e-01
   3.0126208e-01   7.9835685e-01   5.0917153e-01   1.1230247e-01
   3.0057228e-01   7.9863269e-01   5.0950550e-01   1.1066285e-01
   2.9988335e-01   7.9890502e-01   5.0983826e-01   1.0902157e-01
   2.9919529e-01   7.9917381e-01   5.1016983e-01   1.0737851e-01
   2.9850807e-01   7.9943909e-01   5.1050018e-01   1.0573378e-01
   2.9782167e-01   7.9970085e-01   5.1082937e-01   1.0408728e-01
   2.9713619e-01   7.9995906e-01   5.1115731e-01   1.0243918e-01
   2.9645153e-01   8.0021373e-01   5.1148409e-01   1.0078933e-01
   2.9576785e-01   8.0046483e-01   5.1180966e-01   9.9137810e-02
   2.9508499e-01   8.0071239e-01   5.1213403e-01   9.7484640e-02
   2.9440303e-01   8.0095638e-01   5.1245722e-01   9.5829766e-02
   2.9372199e-01   8.0119678e-01   5.1277921e-01   9.4173223e-02
   2.9304184e-01   8.0143361e-01   5.1310001e-01   9.2515017e-02
   2.9236259e-01   8.0166685e-01   5.1341963e-01   9.0855183e-02
   2.9168424e-01   8.0189651e-01   5.1373804e-01   8.9193691e-02
   2.9100687e-01   8.0212255e-01   5.1405527e-01   8.7530536e-02
   2.9033041e-01   8.0234497e-01   5.1437134e-01   8.5865716e-02
   2.8965487e-01   8.0256380e-01   5.1468619e-01   8.4199320e-02
   2.8898031e-01   8.0277899e-01   5.1499986e-01   8.2531283e-02
   2.8830663e-01   8.0299057e-01   5.1531237e-01   8.0861584e-02
   2.8763391e-01   8.0319850e-01   5.1562371e-01   7.9190266e-02
   2.8696226e-01   8.0340277e-01   5.1593381e-01   7.7517423e-02
   2.8629148e-01   8.0360340e-01   5.1624280e-01   7.5842869e-02
   2.8562160e-01   8.0380040e-01   5.1655059e-01   7.4166768e-02
   2.8495282e-01   8.0399369e-01   5.1685721e-01   7.2489067e-02
   2.8428506e-01   8.0418330e-01   5.1716265e-01   7.0809751e-02
   2.8361809e-01   8.0436929e-01   5.1746693e-01   6.9128886e-02
   2.8295232e-01   8.0455154e-01   5.1777001e-01   6.7446459e-02
   2.8228739e-01   8.0473013e-01   5.1807196e-01   6.5762401e-02
   2.8162354e-01   8.0490500e-01   5.1837273e-01   6.4076810e-02
   2.8096078e-01   8.0507614e-01   5.1867233e-01   6.2389660e-02
   2.8029893e-01   8.0524359e-01   5.1897077e-01   6.0700970e-02
   2.7963808e-01   8.0540733e-01   5.1926807e-01   5.9010681e-02
   2.7897832e-01   8.0556731e-01   5.1956419e-01   5.7318897e-02
   2.7831964e-01   8.0572355e-01   5.1985914e-01   5.5625579e-02
   2.7766188e-01   8.0587608e-01   5.2015296e-01   5.3930714e-02
   2.7700529e-01   8.0602482e-01   5.2044561e-01   5.2234331e-02
   2.7634966e-01   8.0616984e-01   5.2073710e-01   5.0536449e-02
   2.7569515e-01   8.0631106e-01   5.2102745e-01   4.8837040e-02
   2.7504161e-01   8.0644853e-01   5.2131666e-01   4.7136124e-02
   2.7438937e-01   8.0658217e-01   5.2160468e-01   4.5433739e-02
   2.7373796e-01   8.0671209e-01   5.2189159e-01   4.3729866e-02
   2.7308778e-01   8.0683817e-01   5.2217735e-01   4.2024459e-02
   2.7243864e-01   8.0696047e-01   5.2246194e-01   4.0317674e-02
   2.7179060e-01   8.0707893e-01   5.2274543e-01   3.8609287e-02
   2.7114361e-01   8.0719362e-01   5.2302775e-01   3.6899566e-02
   2.7049781e-01   8.0730444e-01   5.2330895e-01   3.5188283e-02
   2.6985306e-01   8.0741146e-01   5.2358901e-01   3.3475600e-02
   2.6920950e-01   8.0751462e-01   5.2386792e-01   3.1761464e-02
   2.6856698e-01   8.0761395e-01   5.2414572e-01   3.0045904e-02
   2.6792561e-01   8.0770942e-01   5.2442237e-01   2.8328923e-02
   2.6728533e-01   8.0780105e-01   5.2469792e-01   2.6610462e-02
   2.6664629e-01   8.0788878e-01   5.2497232e-01   2.4890633e-02
   2.6600833e-01   8.0797266e-01   5.2524560e-01   2.3169368e-02
   2.6537152e-01   8.0805264e-01   5.2551777e-01   2.1446665e-02
   2.6473593e-01   8.0812873e-01   5.2578880e-01   1.9722666e-02
   2.6410147e-01   8.0820094e-01   5.2605870e-01   1.7997238e-02
   2.6346821e-01   8.0826921e-01   5.2632752e-01   1.6270385e-02
   2.6283608e-01   8.0833362e-01   5.2659518e-01   1.4542232e-02
   2.6220517e-01   8.0839408e-01   5.2686175e-01   1.2812672e-02
   2.6157542e-01   8.0845061e-01   5.2712722e-01   1.1081740e-02
   2.6094689e-01   8.0850322e-01   5.2739155e-01   9.3494923e-03
   2.6031945e-01   8.0855190e-01   5.2765483e-01   7.6157936e-03
   2.5969338e-01   8.0859660e-01   5.2791694e-01   5.8809016e-03
   2.5906838e-01   8.0863738e-01   5.2817799e-01   4.1445939e-03
   2.5844479e-01   8.0867416e-01   5.2843789e-01   2.4070249e-03
   2.5782223e-01   8.0870700e-01   5.2869673e-01   6.6807707e-04
   2.5720099e-01   8.0873585e-01   5.2895446e-01  -1.0721464e-03
   2.5658088e-01   8.0876074e-01   5.2921111e-01  -2.8137032e-03
   2.5596210e-01   8.0878161e-01   5.2946666e-01  -4.5565443e-03
   2.5534461e-01   8.0879849e-01   5.2972109e-01  -6.3005994e-03
   2.5472827e-01   8.0881137e-01   5.2997447e-01  -8.0459979e-03
   2.5411322e-01   8.0882024e-01   5.3022674e-01  -9.7926531e-03
   2.5349949e-01   8.0882507e-01   5.3047793e-01  -1.1540541e-02
   2.5288695e-01   8.0882589e-01   5.3072804e-01  -1.3289713e-02
   2.5227575e-01   8.0882266e-01   5.3097707e-01  -1.5040131e-02
   2.5166580e-01   8.0881540e-01   5.3122501e-01  -1.6791733e-02
   2.5105711e-01   8.0880409e-01   5.3147188e-01  -1.8544652e-02
   2.5044970e-01   8.0878872e-01   5.3171770e-01  -2.0298776e-02
   2.4984361e-01   8.0876929e-01   5.3196243e-01  -2.2054102e-02
   2.4923888e-01   8.0874578e-01   5.3220607e-01  -2.3810586e-02
   2.4863537e-01   8.0871819e-01   5.3244868e-01  -2.5568358e-02
   2.4803321e-01   8.0868653e-01   5.3269020e-01  -2.7327236e-02
   2.4743236e-01   8.0865078e-01   5.3293065e-01  -2.9087307e-02
   2.4683289e-01   8.0861091e-01   5.3317004e-01  -3.0848545e-02
   2.4623461e-01   8.0856694e-01   5.3340841e-01  -3.2611008e-02
   2.4563774e-01   8.0851886e-01   5.3364571e-01  -3.4374652e-02
   2.4504230e-01   8.0846665e-01   5.3388192e-01  -3.6139316e-02
   2.4444814e-01   8.0841031e-01   5.3411710e-01  -3.7905164e-02
   2.4385530e-01   8.0834983e-01   5.3435126e-01  -3.9672227e-02
   2.4326378e-01   8.0828522e-01   5.3458435e-01  -4.1440356e-02
   2.4267372e-01   8.0821646e-01   5.3481638e-01  -4.3209531e-02
   2.4208508e-01   8.0814352e-01   5.3504737e-01  -4.4979887e-02
   2.4149775e-01   8.0806643e-01   5.3527732e-01  -4.6751274e-02
   2.4091171e-01   8.0798517e-01   5.3550625e-01  -4.8523824e-02
   2.4032714e-01   8.0789972e-01   5.3573415e-01  -5.0297450e-02
   2.3974401e-01   8.0781008e-01   5.3596099e-01  -5.2072101e-02
   2.3916212e-01   8.0771627e-01   5.3618684e-01  -5.3847841e-02
   2.3858179e-01   8.0761823e-01   5.3641162e-01  -5.5624602e-02
   2.3800280e-01   8.0751600e-01   5.3663538e-01  -5.7402391e-02
   2.3742526e-01   8.0740954e-01   5.3685813e-01  -5.9181238e-02
   2.3684899e-01   8.0729888e-01   5.3707990e-01  -6.0961190e-02
   2.3627435e-01   8.0718396e-01   5.3730059e-01  -6.2742073e-02
   2.3570094e-01   8.0706482e-01   5.3752032e-01  -6.4524030e-02
   2.3512913e-01   8.0694144e-01   5.3773898e-01  -6.6306833e-02
   2.3455869e-01   8.0681380e-01   5.3795666e-01  -6.8090749e-02
   2.3398978e-01   8.0668189e-01   5.3817331e-01  -6.9875595e-02
   2.3342218e-01   8.0654574e-01   5.3838898e-01  -7.1661418e-02
   2.3285614e-01   8.0640529e-01   5.3860364e-01  -7.3448232e-02
   2.3229148e-01   8.0626058e-01   5.3881731e-01  -7.5235971e-02
   2.3172836e-01   8.0611158e-01   5.3902996e-01  -7.7024614e-02
   2.3116666e-01   8.0595828e-01   5.3924164e-01  -7.8814247e-02
   2.3060646e-01   8.0580068e-01   5.3945231e-01  -8.0604749e-02
   2.3004778e-01   8.0563877e-01   5.3966199e-01  -8.2396173e-02
   2.2949051e-01   8.0547255e-01   5.3987070e-01  -8.4188544e-02
   2.2893476e-01   8.0530199e-01   5.4007842e-01  -8.5981811e-02
   2.2838051e-01   8.0512712e-01   5.4028516e-01  -8.7775935e-02
   2.2782782e-01   8.0494791e-01   5.4049090e-01  -8.9570838e-02
   2.2727657e-01   8.0476435e-01   5.4069569e-01  -9.1366720e-02
   2.2672681e-01   8.0457645e-01   5.4089950e-01  -9.3163423e-02
   2.2617863e-01   8.0438417e-01   5.4110234e-01  -9.4960968e-02
   2.2563194e-01   8.0418755e-01   5.4130421e-01  -9.6759312e-02
   2.2508684e-01   8.0398654e-01   5.4150511e-01  -9.8558496e-02
   2.2454323e-01   8.0378116e-01   5.4170505e-01  -1.0035849e-01
   2.2400120e-01   8.0357139e-01   5.4190401e-01  -1.0215927e-01
   2.2346065e-01   8.0335723e-01   5.4210206e-01  -1.0396088e-01
   2.2292168e-01   8.0313867e-01   5.4229913e-01  -1.0576325e-01
   2.2238427e-01   8.0291571e-01   5.4249523e-01  -1.0756637e-01
   2.2184843e-01   8.0268832e-01   5.4269041e-01  -1.0937025e-01
   2.2131417e-01   8.0245653e-01   5.4288462e-01  -1.1117488e-01
   2.2078139e-01   8.0222029e-01   5.4307793e-01  -1.1298031e-01
   2.2025024e-01   8.0197963e-01   5.4327027e-01  -1.1478640e-01
   2.1972067e-01   8.0173453e-01   5.4346168e-01  -1.1659323e-01
   2.1919275e-01   8.0148498e-01   5.4365213e-01  -1.1840074e-01
   2.1866628e-01   8.0123098e-01   5.4384168e-01  -1.2020899e-01
   2.1814147e-01   8.0097251e-01   5.4403031e-01  -1.2201789e-01
   2.1761831e-01   8.0070957e-01   5.4421798e-01  -1.2382748e-01
   2.1709669e-01   8.0044216e-01   5.4440475e-01  -1.2563772e-01
   2.1657681e-01   8.0017027e-01   5.4459057e-01  -1.2744857e-01
   2.1605837e-01   7.9989390e-01   5.4477551e-01  -1.2926011e-01
   2.1554158e-01   7.9961302e-01   5.4495954e-01  -1.3107230e-01
   2.1502652e-01   7.9932764e-01   5.4514263e-01  -1.3288506e-01
   2.1451298e-01   7.9903774e-01   5.4532484e-01  -1.3469847e-01
   2.1400116e-01   7.9874336e-01   5.4550611e-01  -1.3651240e-01
   2.1349089e-01   7.9844444e-01   5.4568651e-01  -1.3832698e-01
   2.1298233e-01   7.9814098e-01   5.4586600e-01  -1.4014211e-01
   2.1247549e-01   7.9783300e-01   5.4604457e-01  -1.4195776e-01
   2.1197007e-01   7.9752046e-01   5.4622231e-01  -1.4377406e-01
   2.1146646e-01   7.9720339e-01   5.4639912e-01  -1.4559083e-01
   2.1096456e-01   7.9688176e-01   5.4657503e-01  -1.4740809e-01
   2.1046427e-01   7.9655557e-01   5.4675008e-01  -1.4922590e-01
   2.0996571e-01   7.9622480e-01   5.4692422e-01  -1.5104423e-01
   2.0946871e-01   7.9588947e-01   5.4709753e-01  -1.5286303e-01
   2.0897343e-01   7.9554956e-01   5.4726994e-01  -1.5468232e-01
   2.0847997e-01   7.9520505e-01   5.4744145e-01  -1.5650206e-01
   2.0798797e-01   7.9485594e-01   5.4761216e-01  -1.5832231e-01
   2.0749788e-01   7.9450226e-01   5.4778193e-01  -1.6014291e-01
   2.0700937e-01   7.9414395e-01   5.4795088e-01  -1.6196400e-01
   2.0652263e-01   7.9378104e-01   5.4811896e-01  -1.6378545e-01
   2.0603758e-01   7.9341351e-01   5.4828618e-01  -1.6560733e-01
   2.0555412e-01   7.9304134e-01   5.4845258e-01  -1.6742967e-01
   2.0507265e-01   7.9266455e-01   5.4861807e-01  -1.6925229e-01
   2.0459263e-01   7.9228311e-01   5.4878278e-01  -1.7107538e-01
   2.0411446e-01   7.9189705e-01   5.4894661e-01  -1.7289873e-01
   2.0363799e-01   7.9150632e-01   5.4910961e-01  -1.7472248e-01
   2.0316327e-01   7.9111093e-01   5.4927178e-01  -1.7654655e-01
   2.0269033e-01   7.9071088e-01   5.4943310e-01  -1.7837095e-01
   2.0221903e-01   7.9030617e-01   5.4959362e-01  -1.8019566e-01
   2.0174949e-01   7.8989678e-01   5.4975331e-01  -1.8202066e-01
   2.0128191e-01   7.8948271e-01   5.4991212e-01  -1.8384587e-01
   2.0081586e-01   7.8906395e-01   5.5007017e-01  -1.8567141e-01
   2.0035167e-01   7.8864049e-01   5.5022738e-01  -1.8749721e-01
   1.9988923e-01   7.8821234e-01   5.5038379e-01  -1.8932325e-01
   1.9942852e-01   7.8777949e-01   5.5053938e-01  -1.9114951e-01
   1.9896963e-01   7.8734192e-01   5.5069417e-01  -1.9297596e-01
   1.9851251e-01   7.8689963e-01   5.5084815e-01  -1.9480265e-01
   1.9805710e-01   7.8645262e-01   5.5100135e-01  -1.9662954e-01
   1.9760363e-01   7.8600089e-01   5.5115371e-01  -1.9845655e-01
   1.9715186e-01   7.8554441e-01   5.5130531e-01  -2.0028374e-01
   1.9670183e-01   7.8508320e-01   5.5145612e-01  -2.0211113e-01
   1.9625372e-01   7.8461725e-01   5.5160612e-01  -2.0393857e-01
   1.9580733e-01   7.8414652e-01   5.5175537e-01  -2.0576621e-01
   1.9536274e-01   7.8367105e-01   5.5190383e-01  -2.0759394e-01
   1.9492007e-01   7.8319083e-01   5.5205148e-01  -2.0942171e-01
   1.9447910e-01   7.8270582e-01   5.5219840e-01  -2.1124963e-01
   1.9404004e-01   7.8221605e-01   5.5234452e-01  -2.1307756e-01
   1.9360267e-01   7.8172149e-01   5.5248992e-01  -2.1490560e-01
   1.9316720e-01   7.8122215e-01   5.5263452e-01  -2.1673365e-01
   1.9273364e-01   7.8071801e-01   5.5277835e-01  -2.1856170e-01
   1.9230186e-01   7.8020908e-01   5.5292144e-01  -2.2038980e-01
   1.9187177e-01   7.7969533e-01   5.5306382e-01  -2.2221795e-01
   1.9144376e-01   7.7917681e-01   5.5320538e-01  -2.2404597e-01
   1.9101744e-01   7.7865344e-01   5.5334625e-01  -2.2587404e-01
   1.9059299e-01   7.7812527e-01   5.5348636e-01  -2.2770205e-01
   1.9017053e-01   7.7759229e-01   5.5362569e-01  -2.2952995e-01
   1.8974972e-01   7.7705445e-01   5.5376436e-01  -2.3135785e-01
   1.8933089e-01   7.7651180e-01   5.5390225e-01  -2.3318561e-01
   1.8891394e-01   7.7596429e-01   5.5403943e-01  -2.3501329e-01
   1.8849875e-01   7.7541193e-01   5.5417591e-01  -2.3684091e-01
   1.8808552e-01   7.7485475e-01   5.5431163e-01  -2.3866833e-01
   1.8767414e-01   7.7429270e-01   5.5444665e-01  -2.4049563e-01
   1.8726461e-01   7.7372579e-01   5.5458097e-01  -2.4232276e-01
   1.8685713e-01   7.7315404e-01   5.5471453e-01  -2.4414964e-01
   1.8645130e-01   7.7257738e-01   5.5484745e-01  -2.4597646e-01
   1.8604754e-01   7.7199587e-01   5.5497961e-01  -2.4780300e-01
   1.8564558e-01   7.7140947e-01   5.5511111e-01  -2.4962933e-01
   1.8524548e-01   7.7081818e-01   5.5524192e-01  -2.5145547e-01
   1.8484741e-01   7.7022203e-01   5.5537200e-01  -2.5328128e-01
   1.8445109e-01   7.6962095e-01   5.5550144e-01  -2.5510692e-01
   1.8405678e-01   7.6901499e-01   5.5563017e-01  -2.5693222e-01
   1.8366441e-01   7.6840413e-01   5.5575820e-01  -2.5875722e-01
   1.8327386e-01   7.6778836e-01   5.5588558e-01  -2.6058195e-01
   1.8288520e-01   7.6716766e-01   5.5601231e-01  -2.6240634e-01
   1.8249860e-01   7.6654207e-01   5.5613832e-01  -2.6423038e-01
   1.8211389e-01   7.6591156e-01   5.5626367e-01  -2.6605403e-01
   1.8173098e-01   7.6527610e-01   5.5638841e-01  -2.6787737e-01
   1.8134999e-01   7.6463570e-01   5.5651248e-01  -2.6970036e-01
   1.8097111e-01   7.6399040e-01   5.5663585e-01  -2.7152284e-01
   1.8059402e-01   7.6334014e-01   5.5675862e-01  -2.7334498e-01
   1.8021892e-01   7.6268495e-01   5.5688071e-01  -2.7516664e-01
   1.7984584e-01   7.6202482e-01   5.5700214e-01  -2.7698784e-01
   1.7947463e-01   7.6135973e-01   5.5712295e-01  -2.7880860e-01
   1.7910531e-01   7.6068967e-01   5.5724315e-01  -2.8062890e-01
   1.7873799e-01   7.6001465e-01   5.5736271e-01  -2.8244870e-01
   1.7837253e-01   7.5933466e-01   5.5748166e-01  -2.8426803e-01
   1.7800917e-01   7.5864973e-01   5.5759994e-01  -2.8608674e-01
   1.7764766e-01   7.5795981e-01   5.5771764e-01  -2.8790496e-01
   1.7728824e-01   7.5726495e-01   5.5783467e-01  -2.8972256e-01
   1.7693068e-01   7.5656508e-01   5.5795113e-01  -2.9153963e-01
   1.7657509e-01   7.5586022e-01   5.5806699e-01  -2.9335611e-01
   1.7622155e-01   7.5515041e-01   5.5818219e-01  -2.9517192e-01
   1.7586979e-01   7.5443554e-01   5.5829687e-01  -2.9698725e-01
   1.7552017e-01   7.5371573e-01   5.5841091e-01  -2.9880182e-01
   1.7517250e-01   7.5299093e-01   5.5852434e-01  -3.0061574e-01
   1.7482679e-01   7.5226110e-01   5.5863721e-01  -3.0242900e-01
   1.7448302e-01   7.5152627e-01   5.5874949e-01  -3.0424160e-01
   1.7414129e-01   7.5078644e-01   5.5886118e-01  -3.0605344e-01
   1.7380149e-01   7.5004159e-01   5.5897232e-01  -3.0786459e-01
   1.7346375e-01   7.4929174e-01   5.5908284e-01  -3.0967497e-01
   1.7312792e-01   7.4853685e-01   5.5919284e-01  -3.1148462e-01
   1.7279414e-01   7.4777696e-01   5.5930225e-01  -3.1329348e-01
   1.7246238e-01   7.4701205e-01   5.5941107e-01  -3.1510153e-01
   1.7213262e-01   7.4624213e-01   5.5951935e-01  -3.1690874e-01
   1.7180482e-01   7.4546714e-01   5.5962707e-01  -3.1871520e-01
   1.7147900e-01   7.4468713e-01   5.5973428e-01  -3.2052078e-01
   1.7115512e-01   7.4390206e-01   5.5984094e-01  -3.2232557e-01
   1.7083333e-01   7.4311197e-01   5.5994704e-01  -3.2412941e-01
   1.7051365e-01   7.4231688e-01   5.6005257e-01  -3.2593230e-01
   1.7019587e-01   7.4151673e-01   5.6015758e-01  -3.2773433e-01
   1.6988010e-01   7.4071150e-01   5.6026209e-01  -3.2953546e-01
   1.6956623e-01   7.3990120e-01   5.6036610e-01  -3.3133569e-01
   1.6925464e-01   7.3908593e-01   5.6046950e-01  -3.3313481e-01
   1.6894485e-01   7.3826554e-01   5.6057245e-01  -3.3493306e-01
   1.6863714e-01   7.3744012e-01   5.6067486e-01  -3.3673029e-01
   1.6833143e-01   7.3660960e-01   5.6077679e-01  -3.3852653e-01
   1.6802777e-01   7.3577407e-01   5.6087819e-01  -3.4032167e-01
   1.6772611e-01   7.3493345e-01   5.6097909e-01  -3.4211582e-01
   1.6742662e-01   7.3408782e-01   5.6107945e-01  -3.4390879e-01
   1.6712901e-01   7.3323706e-01   5.6117936e-01  -3.4570079e-01
   1.6683344e-01   7.3238124e-01   5.6127879e-01  -3.4749165e-01
   1.6653994e-01   7.3152038e-01   5.6137770e-01  -3.4928134e-01
   1.6624840e-01   7.3065439e-01   5.6147618e-01  -3.5106997e-01
   1.6595903e-01   7.2978339e-01   5.6157412e-01  -3.5285735e-01
   1.6567161e-01   7.2890728e-01   5.6167162e-01  -3.5464361e-01
   1.6538612e-01   7.2802607e-01   5.6176867e-01  -3.5642871e-01
   1.6510290e-01   7.2713984e-01   5.6186520e-01  -3.5821248e-01
   1.6482160e-01   7.2624851e-01   5.6196129e-01  -3.5999507e-01
