   3.3333302e-01  -9.9881492e-02   3.3077597e-02
   3.3336566e-01  -9.9767043e-02   3.2898152e-02
   3.3340200e-01  -9.9649273e-02   3.2721311e-02
   3.3343455e-01  -9.9524182e-02   3.2541117e-02
   3.3346934e-01  -9.9411667e-02   3.2366528e-02
   3.3349869e-01  -9.9291822e-02   3.2185561e-02
   3.3353495e-01  -9.9176611e-02   3.2007209e-02
   3.3356721e-01  -9.9061969e-02   3.1834448e-02
   3.3359745e-01  -9.8944060e-02   3.1655274e-02
   3.3363423e-01  -9.8830751e-02   3.1478715e-02
   3.3366423e-01  -9.8717987e-02   3.1301784e-02
   3.3369344e-01  -9.8605927e-02   3.1124382e-02
   3.3372630e-01  -9.8490404e-02   3.0946639e-02
   3.3375998e-01  -9.8379565e-02   3.0774337e-02
   3.3378989e-01  -9.8269350e-02   3.0595796e-02
   3.3382005e-01  -9.8159632e-02   3.0419747e-02
   3.3385189e-01  -9.8046652e-02   3.0246141e-02
   3.3387926e-01  -9.7938112e-02   3.0069301e-02
   3.3391476e-01  -9.7830319e-02   2.9891934e-02
   3.3393969e-01  -9.7719141e-02   2.9720062e-02
   3.3397460e-01  -9.7612402e-02   2.9541814e-02
   3.3400098e-01  -9.7506348e-02   2.9369148e-02
   3.3403211e-01  -9.7404924e-02   2.9195944e-02
   3.3406043e-01  -9.7292146e-02   2.9019363e-02
   3.3408885e-01  -9.7187724e-02   2.8845265e-02
   3.3412184e-01  -9.7088018e-02   2.8673640e-02
   3.3414568e-01  -9.6980762e-02   2.8498656e-02
   3.3417504e-01  -9.6878463e-02   2.8320214e-02
   3.3420637e-01  -9.6776079e-02   2.8153115e-02
   3.3423363e-01  -9.6674946e-02   2.7976740e-02
   3.3425764e-01  -9.6570170e-02   2.7802803e-02
   3.3429009e-01  -9.6473671e-02   2.7631254e-02
   3.3431470e-01  -9.6370027e-02   2.7459387e-02
   3.3434453e-01  -9.6270658e-02   2.7286819e-02
   3.3436714e-01  -9.6176081e-02   2.7114064e-02
   3.3439688e-01  -9.6074410e-02   2.6937583e-02
   3.3442482e-01  -9.5976354e-02   2.6766675e-02
   3.3445071e-01  -9.5879734e-02   2.6595152e-02
   3.3447372e-01  -9.5787068e-02   2.6426280e-02
   3.3450179e-01  -9.5687285e-02   2.6253690e-02
   3.3452877e-01  -9.5592042e-02   2.6080607e-02
   3.3455364e-01  -9.5497326e-02   2.5907128e-02
   3.3458255e-01  -9.5402739e-02   2.5739057e-02
   3.3460259e-01  -9.5309107e-02   2.5570483e-02
   3.3463016e-01  -9.5223935e-02   2.5395343e-02
   3.3465387e-01  -9.5123065e-02   2.5219719e-02
   3.3468207e-01  -9.5035232e-02   2.5061351e-02
   3.3470281e-01  -9.4943394e-02   2.4878711e-02
   3.3472866e-01  -9.4852276e-02   2.4719246e-02
   3.3475193e-01  -9.4765818e-02   2.4535742e-02
   3.3477788e-01  -9.4671394e-02   2.4380704e-02
   3.3479992e-01  -9.4585905e-02   2.4196262e-02
   3.3482428e-01  -9.4500841e-02   2.4040418e-02
   3.3484735e-01  -9.4408481e-02   2.3860311e-02
   3.3487212e-01  -9.4327991e-02   2.3691780e-02
   3.3489214e-01  -9.4240469e-02   2.3528387e-02
   3.3491783e-01  -9.4149563e-02   2.3358588e-02
   3.3493930e-01  -9.4071107e-02   2.3182152e-02
   3.3495972e-01  -9.3984626e-02   2.3017206e-02
   3.3498599e-01  -9.3899552e-02   2.2851551e-02
   3.3500434e-01  -9.3818150e-02   2.2679413e-02
   3.3503149e-01  -9.3733107e-02   2.2512482e-02
   3.3505073e-01  -9.3657516e-02   2.2345210e-02
   3.3506949e-01  -9.3569581e-02   2.2171290e-02
   3.3509385e-01  -9.3494399e-02   2.2008688e-02
   3.3511460e-01  -9.3411319e-02   2.1839504e-02
   3.3513362e-01  -9.3333731e-02   2.1669895e-02
   3.3515906e-01  -9.3251518e-02   2.1505262e-02
   3.3517491e-01  -9.3177792e-02   2.1334356e-02
   3.3519751e-01  -9.3097637e-02   2.1174549e-02
   3.3521788e-01  -9.3020877e-02   2.0996550e-02
   3.3523998e-01  -9.2949011e-02   2.0835621e-02
   3.3525582e-01  -9.2869163e-02   2.0668063e-02
   3.3527839e-01  -9.2794321e-02   2.0499822e-02
   3.3529584e-01  -9.2719859e-02   2.0331286e-02
   3.3531938e-01  -9.2645327e-02   2.0167710e-02
   3.3533576e-01  -9.2571786e-02   1.9997897e-02
   3.3535513e-01  -9.2502713e-02   1.9833110e-02
   3.3537481e-01  -9.2430081e-02   1.9673565e-02
   3.3539523e-01  -9.2352760e-02   1.9501516e-02
   3.3540880e-01  -9.2285649e-02   1.9329523e-02
   3.3542935e-01  -9.2213677e-02   1.9167936e-02
   3.3545165e-01  -9.2150733e-02   1.9005906e-02
   3.3546682e-01  -9.2075777e-02   1.8837230e-02
   3.3548406e-01  -9.2005812e-02   1.8668130e-02
   3.3550184e-01  -9.1944136e-02   1.8510141e-02
   3.3551653e-01  -9.1870478e-02   1.8339686e-02
   3.3553838e-01  -9.1805019e-02   1.8174402e-02
   3.3555371e-01  -9.1744706e-02   1.8008651e-02
   3.3557282e-01  -9.1668936e-02   1.7847429e-02
   3.3559058e-01  -9.1612697e-02   1.7686128e-02
   3.3560331e-01  -9.1545077e-02   1.7512711e-02
   3.3562030e-01  -9.1482428e-02   1.7344500e-02
   3.3564104e-01  -9.1416229e-02   1.7192117e-02
   3.3565336e-01  -9.1357723e-02   1.7022438e-02
   3.3567050e-01  -9.1295632e-02   1.6852112e-02
   3.3568585e-01  -9.1233878e-02   1.6692361e-02
   3.3570272e-01  -9.1170116e-02   1.6532027e-02
   3.3571914e-01  -9.1116379e-02   1.6365548e-02
   3.3573132e-01  -9.1048746e-02   1.6197805e-02
   3.3574825e-01  -9.0992562e-02   1.6035785e-02
   3.3576427e-01  -9.0936757e-02   1.5872765e-02
   3.3577626e-01  -9.0878245e-02   1.5708980e-02
   3.3579445e-01  -9.0819268e-02   1.5544683e-02
   3.3580633e-01  -9.0764683e-02   1.5385226e-02
   3.3582424e-01  -9.0707304e-02   1.5214194e-02
   3.3583381e-01  -9.0653467e-02   1.5053482e-02
   3.3585390e-01  -9.0599986e-02   1.4897584e-02
   3.3586436e-01  -9.0539040e-02   1.4724074e-02
   3.3587735e-01  -9.0490262e-02   1.4567176e-02
   3.3589060e-01  -9.0438786e-02   1.4398183e-02
   3.3590608e-01  -9.0385958e-02   1.4239772e-02
   3.3591833e-01  -9.0331281e-02   1.4080172e-02
   3.3593233e-01  -9.0284004e-02   1.3914993e-02
   3.3594522e-01  -9.0229221e-02   1.3749184e-02
   3.3595749e-01  -9.0181805e-02   1.3592813e-02
   3.3597202e-01  -9.0128638e-02   1.3419782e-02
   3.3598579e-01  -9.0082782e-02   1.3268726e-02
   3.3599555e-01  -9.0033423e-02   1.3104859e-02
   3.3600566e-01  -8.9984398e-02   1.2929917e-02
   3.3601990e-01  -8.9943607e-02   1.2781929e-02
   3.3603310e-01  -8.9890364e-02   1.2616737e-02
   3.3604493e-01  -8.9847324e-02   1.2455705e-02
   3.3605014e-01  -8.9798784e-02   1.2283007e-02
   3.3606621e-01  -8.9759358e-02   1.2132442e-02
   3.3608081e-01  -8.9716384e-02   1.1970083e-02
   3.3608853e-01  -8.9664912e-02   1.1801074e-02
   3.3610027e-01  -8.9627529e-02   1.1647802e-02
   3.3611000e-01  -8.9584644e-02   1.1477625e-02
   3.3612198e-01  -8.9543032e-02   1.1322962e-02
   3.3613324e-01  -8.9496853e-02   1.1161802e-02
   3.3614307e-01  -8.9459897e-02   1.0995428e-02
   3.3615185e-01  -8.9423238e-02   1.0838624e-02
   3.3615986e-01  -8.9378039e-02   1.0675174e-02
   3.3617632e-01  -8.9341081e-02   1.0517430e-02
   3.3618189e-01  -8.9301491e-02   1.0352944e-02
   3.3619129e-01  -8.9266189e-02   1.0188157e-02
   3.3620315e-01  -8.9230199e-02   1.0037994e-02
   3.3620814e-01  -8.9190581e-02   9.8666593e-03
   3.3622104e-01  -8.9156187e-02   9.7107271e-03
   3.3622827e-01  -8.9121250e-02   9.5468456e-03
   3.3624218e-01  -8.9083565e-02   9.3899866e-03
   3.3624217e-01  -8.9051992e-02   9.2258961e-03
   3.3625980e-01  -8.9019017e-02   9.0722744e-03
   3.3625934e-01  -8.8985260e-02   8.9004224e-03
   3.3627401e-01  -8.8947824e-02   8.7507907e-03
   3.3627715e-01  -8.8922488e-02   8.5849347e-03
   3.3628841e-01  -8.8890789e-02   8.4215995e-03
   3.3629302e-01  -8.8857081e-02   8.2644572e-03
   3.3630674e-01  -8.8828782e-02   8.1108612e-03
   3.3630744e-01  -8.8801917e-02   7.9366215e-03
   3.3632259e-01  -8.8765246e-02   7.7917882e-03
   3.3632190e-01  -8.8745692e-02   7.6206613e-03
   3.3633194e-01  -8.8714608e-02   7.4601961e-03
   3.3633952e-01  -8.8683939e-02   7.3072415e-03
   3.3634925e-01  -8.8661355e-02   7.1453709e-03
   3.3635493e-01  -8.8634031e-02   6.9822736e-03
   3.3635249e-01  -8.8608026e-02   6.8220665e-03
   3.3636644e-01  -8.8581308e-02   6.6683263e-03
   3.3637249e-01  -8.8565063e-02   6.5022597e-03
   3.3637684e-01  -8.8529805e-02   6.3404338e-03
   3.3638189e-01  -8.8513958e-02   6.1846091e-03
   3.3638995e-01  -8.8491181e-02   6.0260736e-03
   3.3639577e-01  -8.8466989e-02   5.8627106e-03
   3.3640514e-01  -8.8447156e-02   5.7084692e-03
   3.3640261e-01  -8.8426195e-02   5.5434384e-03
   3.3641234e-01  -8.8405563e-02   5.3900351e-03
   3.3641802e-01  -8.8385300e-02   5.2260355e-03
   3.3641766e-01  -8.8366533e-02   5.0651123e-03
   3.3642376e-01  -8.8353283e-02   4.9086009e-03
   3.3643210e-01  -8.8327245e-02   4.7487622e-03
   3.3643241e-01  -8.8315898e-02   4.5881393e-03
   3.3644299e-01  -8.8296842e-02   4.4308024e-03
   3.3644184e-01  -8.8277113e-02   4.2737962e-03
   3.3644239e-01  -8.8267636e-02   4.1069915e-03
   3.3645460e-01  -8.8248296e-02   3.9558637e-03
   3.3645370e-01  -8.8235635e-02   3.7860806e-03
   3.3646080e-01  -8.8224659e-02   3.6379052e-03
   3.3645583e-01  -8.8206025e-02   3.4699438e-03
   3.3646880e-01  -8.8198036e-02   3.3191523e-03
   3.3647017e-01  -8.8184003e-02   3.1563280e-03
   3.3647243e-01  -8.8169970e-02   2.9909621e-03
   3.3646873e-01  -8.8165348e-02   2.8429604e-03
   3.3647860e-01  -8.8148257e-02   2.6753862e-03
   3.3647365e-01  -8.8140173e-02   2.5158406e-03
   3.3647864e-01  -8.8135050e-02   2.3613451e-03
   3.3649283e-01  -8.8122577e-02   2.1988953e-03
   3.3648332e-01  -8.8115470e-02   2.0434709e-03
   3.3648744e-01  -8.8105671e-02   1.8827020e-03
   3.3649008e-01  -8.8103174e-02   1.7234899e-03
   3.3648943e-01  -8.8094034e-02   1.5653736e-03
   3.3649318e-01  -8.8091798e-02   1.4001952e-03
   3.3649367e-01  -8.8084517e-02   1.2504524e-03
   3.3649551e-01  -8.8080250e-02   1.0873406e-03
   3.3649842e-01  -8.8077143e-02   9.2689190e-04
   3.3649708e-01  -8.8070928e-02   7.6849167e-04
   3.3649683e-01  -8.8068333e-02   6.1097131e-04
   3.3650708e-01  -8.8069009e-02   4.5190023e-04
   3.3649450e-01  -8.8067094e-02   2.9453268e-04
   3.3649665e-01  -8.8064105e-02   1.2958687e-04
   3.3650432e-01  -8.8061209e-02  -2.7441467e-05
   3.3649425e-01  -8.8067868e-02  -1.8313098e-04
   3.3650661e-01  -8.8061782e-02  -3.4321487e-04
   3.3649800e-01  -8.8069044e-02  -5.0629692e-04
   3.3649842e-01  -8.8065507e-02  -6.6296426e-04
   3.3650395e-01  -8.8069487e-02  -8.1949262e-04
   3.3649381e-01  -8.8075800e-02  -9.7845593e-04
   3.3650424e-01  -8.8077197e-02  -1.1371386e-03
   3.3648428e-01  -8.8085333e-02  -1.3049415e-03
   3.3649901e-01  -8.8083439e-02  -1.4518496e-03
   3.3649335e-01  -8.8090790e-02  -1.6198757e-03
   3.3649457e-01  -8.8098210e-02  -1.7750279e-03
   3.3649508e-01  -8.8104720e-02  -1.9338069e-03
   3.3649728e-01  -8.8112812e-02  -2.0850067e-03
   3.3647755e-01  -8.8115185e-02  -2.2630850e-03
   3.3648646e-01  -8.8128194e-02  -2.4094666e-03
   3.3648542e-01  -8.8138914e-02  -2.5667291e-03
   3.3649278e-01  -8.8139171e-02  -2.7296235e-03
   3.3647879e-01  -8.8154164e-02  -2.8910082e-03
   3.3646386e-01  -8.8167238e-02  -3.0482308e-03
   3.3648305e-01  -8.8178170e-02  -3.2080139e-03
   3.3646722e-01  -8.8187737e-02  -3.3671523e-03
   3.3647659e-01  -8.8202876e-02  -3.5198811e-03
   3.3646589e-01  -8.8215225e-02  -3.6832448e-03
   3.3646773e-01  -8.8224486e-02  -3.8471893e-03
   3.3646208e-01  -8.8239799e-02  -4.0014922e-03
   3.3643859e-01  -8.8256511e-02  -4.1673063e-03
   3.3645417e-01  -8.8270564e-02  -4.3193194e-03
   3.3645614e-01  -8.8286797e-02  -4.4803976e-03
   3.3643818e-01  -8.8306745e-02  -4.6516051e-03
   3.3644736e-01  -8.8319363e-02  -4.7936746e-03
   3.3644273e-01  -8.8333833e-02  -4.9569007e-03
   3.3643472e-01  -8.8358554e-02  -5.1146983e-03
   3.3641659e-01  -8.8373735e-02  -5.2839163e-03
   3.3642433e-01  -8.8392961e-02  -5.4347412e-03
   3.3641803e-01  -8.8412760e-02  -5.6028015e-03
   3.3641040e-01  -8.8434276e-02  -5.7597962e-03
   3.3640959e-01  -8.8456388e-02  -5.9154852e-03
   3.3641618e-01  -8.8478702e-02  -6.0717948e-03
   3.3640246e-01  -8.8497212e-02  -6.2407105e-03
   3.3637394e-01  -8.8521067e-02  -6.3968622e-03
   3.3639570e-01  -8.8541121e-02  -6.5514787e-03
   3.3638187e-01  -8.8571551e-02  -6.7254024e-03
   3.3637526e-01  -8.8593152e-02  -6.8656752e-03
   3.3636539e-01  -8.8614167e-02  -7.0424827e-03
   3.3637091e-01  -8.8648628e-02  -7.1881540e-03
   3.3635454e-01  -8.8670021e-02  -7.3584168e-03
   3.3634020e-01  -8.8694612e-02  -7.5193397e-03
   3.3635181e-01  -8.8726615e-02  -7.6769611e-03
   3.3632417e-01  -8.8751156e-02  -7.8395221e-03
   3.3633007e-01  -8.8780661e-02  -7.9958625e-03
   3.3633578e-01  -8.8811601e-02  -8.1561712e-03
   3.3630278e-01  -8.8840176e-02  -8.3154896e-03
   3.3630949e-01  -8.8871962e-02  -8.4732318e-03
   3.3630485e-01  -8.8900134e-02  -8.6385864e-03
   3.3628487e-01  -8.8931377e-02  -8.8018232e-03
   3.3628087e-01  -8.8963390e-02  -8.9549959e-03
   3.3628664e-01  -8.9000316e-02  -9.1207471e-03
   3.3626820e-01  -8.9028401e-02  -9.2769834e-03
   3.3624807e-01  -8.9065267e-02  -9.4380129e-03
   3.3625012e-01  -8.9098014e-02  -9.6104585e-03
   3.3623721e-01  -8.9134864e-02  -9.7594244e-03
   3.3624536e-01  -8.9168999e-02  -9.9229617e-03
   3.3621735e-01  -8.9209694e-02  -1.0083778e-02
   3.3622344e-01  -8.9241995e-02  -1.0245946e-02
   3.3621062e-01  -8.9278001e-02  -1.0403222e-02
   3.3619703e-01  -8.9317578e-02  -1.0570015e-02
   3.3617295e-01  -8.9359499e-02  -1.0727142e-02
   3.3618106e-01  -8.9392277e-02  -1.0895553e-02
   3.3618254e-01  -8.9435664e-02  -1.1040855e-02
   3.3614710e-01  -8.9475985e-02  -1.1218161e-02
   3.3615485e-01  -8.9515454e-02  -1.1365256e-02
   3.3613214e-01  -8.9556259e-02  -1.1540302e-02
   3.3612666e-01  -8.9603828e-02  -1.1704158e-02
   3.3610686e-01  -8.9643353e-02  -1.1856596e-02
   3.3611525e-01  -8.9683752e-02  -1.2011850e-02
   3.3609357e-01  -8.9727563e-02  -1.2184878e-02
   3.3607447e-01  -8.9773233e-02  -1.2343923e-02
   3.3608081e-01  -8.9816474e-02  -1.2510683e-02
   3.3606474e-01  -8.9866555e-02  -1.2663924e-02
   3.3604648e-01  -8.9911671e-02  -1.2830006e-02
   3.3603388e-01  -8.9958026e-02  -1.2984569e-02
   3.3602343e-01  -9.0005598e-02  -1.3166447e-02
   3.3601613e-01  -9.0049053e-02  -1.3313371e-02
   3.3601200e-01  -9.0103278e-02  -1.3476282e-02
   3.3597668e-01  -9.0151549e-02  -1.3641109e-02
   3.3598163e-01  -9.0200252e-02  -1.3809339e-02
   3.3596270e-01  -9.0248323e-02  -1.3965798e-02
   3.3596029e-01  -9.0300410e-02  -1.4130040e-02
   3.3593233e-01  -9.0353034e-02  -1.4295095e-02
   3.3593355e-01  -9.0403095e-02  -1.4446312e-02
   3.3590641e-01  -9.0456177e-02  -1.4624896e-02
   3.3590860e-01  -9.0513257e-02  -1.4772766e-02
   3.3588372e-01  -9.0562777e-02  -1.4952174e-02
   3.3586673e-01  -9.0623206e-02  -1.5104657e-02
   3.3586013e-01  -9.0667270e-02  -1.5270572e-02
   3.3583949e-01  -9.0734589e-02  -1.5435808e-02
   3.3582713e-01  -9.0784920e-02  -1.5605035e-02
   3.3580510e-01  -9.0840011e-02  -1.5758618e-02
   3.3580053e-01  -9.0899112e-02  -1.5927529e-02
   3.3579981e-01  -9.0961432e-02  -1.6091276e-02
   3.3578047e-01  -9.1017845e-02  -1.6247108e-02
   3.3574747e-01  -9.1074105e-02  -1.6417622e-02
   3.3573683e-01  -9.1132846e-02  -1.6584887e-02
   3.3574034e-01  -9.1198755e-02  -1.6746129e-02
   3.3568542e-01  -9.1255073e-02  -1.6919678e-02
   3.3570761e-01  -9.1318432e-02  -1.7069780e-02
   3.3568961e-01  -9.1378819e-02  -1.7229764e-02
   3.3565410e-01  -9.1443717e-02  -1.7407723e-02
   3.3565022e-01  -9.1504353e-02  -1.7569708e-02
   3.3561877e-01  -9.1573624e-02  -1.7744002e-02
   3.3561232e-01  -9.1631614e-02  -1.7888912e-02
   3.3559081e-01  -9.1698228e-02  -1.8064149e-02
   3.3557918e-01  -9.1769353e-02  -1.8239165e-02
   3.3558601e-01  -9.1830366e-02  -1.8386966e-02
   3.3553782e-01  -9.1899982e-02  -1.8562731e-02
   3.3552007e-01  -9.1965294e-02  -1.8731670e-02
   3.3552551e-01  -9.2034328e-02  -1.8884807e-02
   3.3547944e-01  -9.2101960e-02  -1.9058007e-02
   3.3547292e-01  -9.2173237e-02  -1.9227228e-02
   3.3546517e-01  -9.2241224e-02  -1.9383939e-02
   3.3544428e-01  -9.2314886e-02  -1.9556981e-02
   3.3542577e-01  -9.2386184e-02  -1.9725033e-02
   3.3539548e-01  -9.2450593e-02  -1.9881134e-02
   3.3539500e-01  -9.2530906e-02  -2.0053518e-02
   3.3534579e-01  -9.2601468e-02  -2.0225685e-02
   3.3535569e-01  -9.2673700e-02  -2.0386770e-02
   3.3531686e-01  -9.2752209e-02  -2.0558013e-02
   3.3532214e-01  -9.2823890e-02  -2.0718876e-02
   3.3527653e-01  -9.2896155e-02  -2.0890585e-02
   3.3526439e-01  -9.2973906e-02  -2.1056263e-02
   3.3524487e-01  -9.3052428e-02  -2.1220332e-02
   3.3523086e-01  -9.3128720e-02  -2.1391765e-02
   3.3523098e-01  -9.3204702e-02  -2.1557254e-02
   3.3519096e-01  -9.3281519e-02  -2.1720940e-02
   3.3515954e-01  -9.3365575e-02  -2.1900797e-02
   3.3513304e-01  -9.3441778e-02  -2.2060399e-02
   3.3511981e-01  -9.3521540e-02  -2.2230172e-02
   3.3511835e-01  -9.3605831e-02  -2.2397722e-02
   3.3508063e-01  -9.3686948e-02  -2.2573519e-02
   3.3505516e-01  -9.3768871e-02  -2.2720413e-02
   3.3504692e-01  -9.3846609e-02  -2.2910521e-02
   3.3501322e-01  -9.3933872e-02  -2.3073437e-02
   3.3500002e-01  -9.4017585e-02  -2.3241519e-02
   3.3497385e-01  -9.4099660e-02  -2.3409322e-02
   3.3494793e-01  -9.4185758e-02  -2.3576844e-02
   3.3493004e-01  -9.4270960e-02  -2.3756458e-02
   3.3491158e-01  -9.4361635e-02  -2.3911667e-02
   3.3487650e-01  -9.4445166e-02  -2.4096700e-02
   3.3486420e-01  -9.4531603e-02  -2.4257174e-02
   3.3482981e-01  -9.4617721e-02  -2.4424809e-02
   3.3482709e-01  -9.4712072e-02  -2.4607152e-02
   3.3478036e-01  -9.4795818e-02  -2.4759224e-02
   3.3476190e-01  -9.4884851e-02  -2.4945947e-02
   3.3474248e-01  -9.4984240e-02  -2.5100803e-02
   3.3472951e-01  -9.5066533e-02  -2.5285079e-02
   3.3467309e-01  -9.5162356e-02  -2.5454096e-02
   3.3466564e-01  -9.5251528e-02  -2.5627509e-02
   3.3466182e-01  -9.5347316e-02  -2.5786639e-02
   3.3459198e-01  -9.5443342e-02  -2.5973822e-02
   3.3459903e-01  -9.5532141e-02  -2.6136001e-02
   3.3455540e-01  -9.5628793e-02  -2.6310130e-02
   3.3456463e-01  -9.5727569e-02  -2.6470918e-02
   3.3451223e-01  -9.5819092e-02  -2.6647375e-02
   3.3447934e-01  -9.5917851e-02  -2.6827307e-02
   3.3447939e-01  -9.6016846e-02  -2.7008727e-02
   3.3443106e-01  -9.6110537e-02  -2.7164858e-02
   3.3441633e-01  -9.6211878e-02  -2.7344200e-02
   3.3437281e-01  -9.6309030e-02  -2.7503182e-02
   3.3436507e-01  -9.6410658e-02  -2.7691153e-02
   3.3430712e-01  -9.6508386e-02  -2.7865594e-02
   3.3432734e-01  -9.6612613e-02  -2.8034716e-02
   3.3425454e-01  -9.6714419e-02  -2.8199659e-02
   3.3425644e-01  -9.6813580e-02  -2.8381558e-02
   3.3421520e-01  -9.6916182e-02  -2.8555979e-02
   3.3417873e-01  -9.7022035e-02  -2.8735385e-02
   3.3418609e-01  -9.7124483e-02  -2.8889904e-02
   3.3411384e-01  -9.7232703e-02  -2.9084208e-02
   3.3411233e-01  -9.7332940e-02  -2.9257993e-02
   3.3408469e-01  -9.7440812e-02  -2.9420171e-02
   3.3403870e-01  -9.7550633e-02  -2.9598197e-02
   3.3400462e-01  -9.7650072e-02  -2.9781326e-02
   3.3401092e-01  -9.7766280e-02  -2.9940658e-02
   3.3395619e-01  -9.7872426e-02  -3.0129394e-02
   3.3392485e-01  -9.7980541e-02  -3.0303764e-02
   3.3390139e-01  -9.8089467e-02  -3.0475062e-02
   3.3385486e-01  -9.8199679e-02  -3.0663249e-02
   3.3383344e-01  -9.8312181e-02  -3.0824518e-02
   3.3382363e-01  -9.8422422e-02  -3.1003691e-02
   3.3376171e-01  -9.8534188e-02  -3.1183850e-02
   3.3375258e-01  -9.8646909e-02  -3.1359194e-02
   3.3370201e-01  -9.8761249e-02  -3.1533048e-02
   3.3367917e-01  -9.8875424e-02  -3.1716557e-02
   3.3365443e-01  -9.8990063e-02  -3.1886486e-02
   3.3361654e-01  -9.9103981e-02  -3.2068762e-02
   3.3357904e-01  -9.9222313e-02  -3.2239406e-02
   3.3356955e-01  -9.9340735e-02  -3.2425602e-02
   3.3349332e-01  -9.9453152e-02  -3.2598379e-02
   3.3348840e-01  -9.9572634e-02  -3.2784457e-02
   3.3346615e-01  -9.9690859e-02  -3.2956620e-02
   3.3339855e-01  -9.9810112e-02  -3.3130020e-02
   3.3340717e-01  -9.9930425e-02  -3.3318633e-02
   3.3335100e-01  -1.0005304e-01  -3.3502669e-02
   3.3329101e-01  -1.0017155e-01  -3.3667790e-02
   3.3328917e-01  -1.0029420e-01  -3.3843984e-02
   3.3326144e-01  -1.0041563e-01  -3.4030037e-02
   3.3321749e-01  -1.0053631e-01  -3.4205462e-02
   3.3317804e-01  -1.0066491e-01  -3.4391354e-02
   3.3313998e-01  -1.0078470e-01  -3.4575058e-02
   3.3310769e-01  -1.0091309e-01  -3.4760203e-02
   3.3304926e-01  -1.0103633e-01  -3.4919117e-02
   3.3304859e-01  -1.0116226e-01  -3.5124694e-02
   3.3297950e-01  -1.0128674e-01  -3.5284621e-02
   3.3298298e-01  -1.0141946e-01  -3.5474024e-02
   3.3291977e-01  -1.0154409e-01  -3.5657699e-02
   3.3288171e-01  -1.0167435e-01  -3.5836678e-02
   3.3285177e-01  -1.0180217e-01  -3.6016197e-02
   3.3282392e-01  -1.0193212e-01  -3.6203885e-02
   3.3277259e-01  -1.0206315e-01  -3.6383180e-02
   3.3273054e-01  -1.0219655e-01  -3.6570210e-02
   3.3271485e-01  -1.0232707e-01  -3.6746739e-02
   3.3267203e-01  -1.0246016e-01  -3.6936231e-02
   3.3261880e-01  -1.0259202e-01  -3.7119698e-02
   3.3258353e-01  -1.0272652e-01  -3.7283454e-02
   3.3253625e-01  -1.0286000e-01  -3.7493486e-02
   3.3251220e-01  -1.0299401e-01  -3.7663795e-02
   3.3247094e-01  -1.0313265e-01  -3.7847138e-02
   3.3240675e-01  -1.0326465e-01  -3.8033869e-02
   3.3239477e-01  -1.0340644e-01  -3.8212993e-02
   3.3236193e-01  -1.0354368e-01  -3.8407732e-02
   3.3228664e-01  -1.0368160e-01  -3.8588311e-02
   3.3228410e-01  -1.0381824e-01  -3.8767046e-02
   3.3221673e-01  -1.0395958e-01  -3.8961959e-02
   3.3217613e-01  -1.0409948e-01  -3.9139280e-02
   3.3216071e-01  -1.0424257e-01  -3.9329068e-02
   3.3210420e-01  -1.0438381e-01  -3.9519180e-02
   3.3204933e-01  -1.0451898e-01  -3.9697270e-02
   3.3202194e-01  -1.0466794e-01  -3.9885229e-02
   3.3195277e-01  -1.0481528e-01  -4.0084987e-02
   3.3195559e-01  -1.0495446e-01  -4.0245975e-02
   3.3187184e-01  -1.0509814e-01  -4.0458815e-02
   3.3185703e-01  -1.0524609e-01  -4.0631292e-02
   3.3180175e-01  -1.0538942e-01  -4.0817569e-02
   3.3172657e-01  -1.0554106e-01  -4.1014137e-02
   3.3172554e-01  -1.0568569e-01  -4.1197114e-02
   3.3168027e-01  -1.0583333e-01  -4.1380638e-02
   3.3161539e-01  -1.0598354e-01  -4.1587391e-02
   3.3157657e-01  -1.0613215e-01  -4.1757986e-02
   3.3152021e-01  -1.0628241e-01  -4.1961926e-02
   3.3149043e-01  -1.0643091e-01  -4.2132313e-02
   3.3143833e-01  -1.0658614e-01  -4.2335781e-02
   3.3141576e-01  -1.0673829e-01  -4.2527759e-02
   3.3134917e-01  -1.0688937e-01  -4.2707044e-02
   3.3128777e-01  -1.0703765e-01  -4.2909477e-02
   3.3124999e-01  -1.0719954e-01  -4.3086623e-02
   3.3124034e-01  -1.0735137e-01  -4.3287953e-02
   3.3114223e-01  -1.0750544e-01  -4.3465724e-02
   3.3111798e-01  -1.0766452e-01  -4.3676963e-02
   3.3104893e-01  -1.0781643e-01  -4.3841514e-02
   3.3103028e-01  -1.0798075e-01  -4.4051906e-02
   3.3096975e-01  -1.0813083e-01  -4.4238793e-02
   3.3093316e-01  -1.0829868e-01  -4.4447513e-02
   3.3085917e-01  -1.0844803e-01  -4.4611057e-02
   3.3082911e-01  -1.0861578e-01  -4.4830545e-02
   3.3078402e-01  -1.0877640e-01  -4.5003195e-02
   3.3069353e-01  -1.0892900e-01  -4.5199190e-02
   3.3069805e-01  -1.0910046e-01  -4.5405676e-02
   3.3061769e-01  -1.0926185e-01  -4.5589133e-02
   3.3056156e-01  -1.0942045e-01  -4.5783090e-02
   3.3050763e-01  -1.0958859e-01  -4.5988841e-02
   3.3048246e-01  -1.0974917e-01  -4.6170935e-02
   3.3041419e-01  -1.0991725e-01  -4.6375062e-02
   3.3037084e-01  -1.1008871e-01  -4.6567276e-02
   3.3030982e-01  -1.1024757e-01  -4.6746543e-02
   3.3027699e-01  -1.1041482e-01  -4.6950836e-02
   3.3017193e-01  -1.1058964e-01  -4.7164562e-02
   3.3017171e-01  -1.1075157e-01  -4.7344343e-02
   3.3011892e-01  -1.1092680e-01  -4.7544698e-02
   3.3003163e-01  -1.1109186e-01  -4.7735179e-02
   3.2999042e-01  -1.1126676e-01  -4.7947767e-02
   3.2993136e-01  -1.1143525e-01  -4.8135809e-02
   3.2989405e-01  -1.1160676e-01  -4.8335888e-02
   3.2984287e-01  -1.1178401e-01  -4.8524577e-02
   3.2977221e-01  -1.1195157e-01  -4.8723409e-02
   3.2970255e-01  -1.1212873e-01  -4.8933908e-02
   3.2965626e-01  -1.1230184e-01  -4.9120095e-02
   3.2961768e-01  -1.1248100e-01  -4.9317707e-02
   3.2953583e-01  -1.1265350e-01  -4.9527073e-02
   3.2950296e-01  -1.1283432e-01  -4.9736727e-02
   3.2943114e-01  -1.1300896e-01  -4.9909743e-02
   3.2937947e-01  -1.1318780e-01  -5.0118081e-02
   3.2933124e-01  -1.1336960e-01  -5.0337916e-02
   3.2924741e-01  -1.1354226e-01  -5.0520534e-02
   3.2920959e-01  -1.1372641e-01  -5.0716524e-02
   3.2912440e-01  -1.1391022e-01  -5.0934877e-02
   3.2909715e-01  -1.1408804e-01  -5.1118111e-02
   3.2902252e-01  -1.1426863e-01  -5.1323702e-02
   3.2897242e-01  -1.1445737e-01  -5.1541442e-02
   3.2888428e-01  -1.1463769e-01  -5.1722415e-02
   3.2886185e-01  -1.1482778e-01  -5.1952024e-02
   3.2875979e-01  -1.1500258e-01  -5.2131204e-02
   3.2874829e-01  -1.1519542e-01  -5.2338776e-02
   3.2866827e-01  -1.1537930e-01  -5.2541116e-02
   3.2857332e-01  -1.1556873e-01  -5.2755905e-02
   3.2855345e-01  -1.1575381e-01  -5.2949209e-02
   3.2846133e-01  -1.1594333e-01  -5.3150682e-02
   3.2841606e-01  -1.1613480e-01  -5.3366728e-02
   3.2833990e-01  -1.1632103e-01  -5.3568590e-02
   3.2830480e-01  -1.1651268e-01  -5.3759969e-02
   3.2820002e-01  -1.1670953e-01  -5.3984500e-02
   3.2815880e-01  -1.1689339e-01  -5.4174073e-02
   3.2810587e-01  -1.1708978e-01  -5.4389377e-02
   3.2801706e-01  -1.1728553e-01  -5.4613758e-02
   3.2796266e-01  -1.1747411e-01  -5.4789666e-02
   3.2789501e-01  -1.1767003e-01  -5.5015708e-02
   3.2781765e-01  -1.1786661e-01  -5.5215906e-02
   3.2778424e-01  -1.1806870e-01  -5.5418355e-02
   3.2767087e-01  -1.1825435e-01  -5.5639152e-02
   3.2764708e-01  -1.1845851e-01  -5.5828491e-02
   3.2756156e-01  -1.1865622e-01  -5.6052229e-02
   3.2749463e-01  -1.1885671e-01  -5.6251706e-02
   3.2741205e-01  -1.1905337e-01  -5.6474417e-02
   3.2737980e-01  -1.1925597e-01  -5.6674902e-02
   3.2728453e-01  -1.1945448e-01  -5.6884092e-02
   3.2721074e-01  -1.1965721e-01  -5.7084940e-02
   3.2716407e-01  -1.1985864e-01  -5.7307304e-02
   3.2707776e-01  -1.2006624e-01  -5.7516645e-02
   3.2700641e-01  -1.2027016e-01  -5.7738668e-02
   3.2693199e-01  -1.2046803e-01  -5.7925791e-02
   3.2687363e-01  -1.2067756e-01  -5.8148657e-02
   3.2677463e-01  -1.2088314e-01  -5.8368312e-02
   3.2674670e-01  -1.2109218e-01  -5.8580035e-02
   3.2663098e-01  -1.2129816e-01  -5.8788489e-02
   3.2659621e-01  -1.2150334e-01  -5.8989153e-02
   3.2648254e-01  -1.2171270e-01  -5.9219049e-02
   3.2645148e-01  -1.2192369e-01  -5.9418680e-02
   3.2635431e-01  -1.2213500e-01  -5.9652597e-02
   3.2627144e-01  -1.2234115e-01  -5.9847780e-02
   3.2622203e-01  -1.2255831e-01  -6.0060154e-02
   3.2611822e-01  -1.2276869e-01  -6.0291279e-02
   3.2606093e-01  -1.2298518e-01  -6.0501304e-02
   3.2599606e-01  -1.2319312e-01  -6.0711659e-02
   3.2590779e-01  -1.2341077e-01  -6.0930370e-02
   3.2581945e-01  -1.2362014e-01  -6.1138842e-02
   3.2575226e-01  -1.2384311e-01  -6.1362984e-02
   3.2567579e-01  -1.2405987e-01  -6.1582176e-02
   3.2560599e-01  -1.2427723e-01  -6.1795684e-02
   3.2550697e-01  -1.2449051e-01  -6.2013004e-02
   3.2543303e-01  -1.2471276e-01  -6.2234316e-02
   3.2534864e-01  -1.2492942e-01  -6.2443185e-02
   3.2528908e-01  -1.2515377e-01  -6.2664962e-02
   3.2521311e-01  -1.2537053e-01  -6.2890882e-02
   3.2509612e-01  -1.2559264e-01  -6.3105985e-02
   3.2504503e-01  -1.2581796e-01  -6.3318299e-02
   3.2494801e-01  -1.2604051e-01  -6.3552171e-02
   3.2491525e-01  -1.2626346e-01  -6.3752422e-02
   3.2477397e-01  -1.2648509e-01  -6.3994495e-02
   3.2469369e-01  -1.2671420e-01  -6.4203915e-02
   3.2465176e-01  -1.2693813e-01  -6.4417753e-02
   3.2453830e-01  -1.2716607e-01  -6.4651462e-02
   3.2444181e-01  -1.2738976e-01  -6.4870159e-02
   3.2440509e-01  -1.2762315e-01  -6.5085165e-02
   3.2426445e-01  -1.2784746e-01  -6.5315356e-02
   3.2421673e-01  -1.2807916e-01  -6.5540519e-02
   3.2412169e-01  -1.2830828e-01  -6.5752106e-02
   3.2405050e-01  -1.2854092e-01  -6.5989717e-02
   3.2393053e-01  -1.2877282e-01  -6.6210295e-02
   3.2385751e-01  -1.2900601e-01  -6.6435175e-02
   3.2379376e-01  -1.2923336e-01  -6.6647520e-02
   3.2366537e-01  -1.2947376e-01  -6.6880185e-02
   3.2360059e-01  -1.2970719e-01  -6.7107269e-02
   3.2351669e-01  -1.2994053e-01  -6.7333814e-02
   3.2341895e-01  -1.3017681e-01  -6.7556649e-02
   3.2331155e-01  -1.3041297e-01  -6.7781304e-02
   3.2326020e-01  -1.3065396e-01  -6.8008219e-02
   3.2313067e-01  -1.3088896e-01  -6.8232507e-02
   3.2306701e-01  -1.3112734e-01  -6.8460350e-02
   3.2295056e-01  -1.3136997e-01  -6.8697556e-02
   3.2288187e-01  -1.3160767e-01  -6.8912782e-02
   3.2278751e-01  -1.3185212e-01  -6.9153822e-02
   3.2268271e-01  -1.3209126e-01  -6.9365000e-02
   3.2259330e-01  -1.3233196e-01  -6.9608405e-02
   3.2250870e-01  -1.3257780e-01  -6.9837110e-02
   3.2239362e-01  -1.3281885e-01  -7.0061465e-02
   3.2232073e-01  -1.3306688e-01  -7.0294000e-02
   3.2220712e-01  -1.3331235e-01  -7.0522369e-02
   3.2213183e-01  -1.3356141e-01  -7.0766657e-02
   3.2199169e-01  -1.3380437e-01  -7.0977993e-02
   3.2195555e-01  -1.3404992e-01  -7.1205384e-02
   3.2181895e-01  -1.3430289e-01  -7.1454628e-02
   3.2173094e-01  -1.3454773e-01  -7.1678702e-02
   3.2162258e-01  -1.3480169e-01  -7.1917825e-02
   3.2154651e-01  -1.3505075e-01  -7.2156702e-02
   3.2142523e-01  -1.3530237e-01  -7.2370475e-02
   3.2132696e-01  -1.3555270e-01  -7.2618756e-02
   3.2124355e-01  -1.3580988e-01  -7.2843233e-02
   3.2112850e-01  -1.3605902e-01  -7.3088002e-02
   3.2104400e-01  -1.3631541e-01  -7.3321775e-02
   3.2091508e-01  -1.3657121e-01  -7.3538242e-02
   3.2084553e-01  -1.3682393e-01  -7.3793281e-02
   3.2070349e-01  -1.3708252e-01  -7.4022323e-02
   3.2063858e-01  -1.3734137e-01  -7.4268270e-02
   3.2048701e-01  -1.3759533e-01  -7.4492901e-02
   3.2042895e-01  -1.3785680e-01  -7.4727139e-02
   3.2029938e-01  -1.3811294e-01  -7.4970409e-02
   3.2019491e-01  -1.3837618e-01  -7.5203574e-02
   3.2011721e-01  -1.3863894e-01  -7.5445674e-02
   3.1997944e-01  -1.3889656e-01  -7.5692207e-02
   3.1987772e-01  -1.3916036e-01  -7.5915344e-02
   3.1976094e-01  -1.3942728e-01  -7.6168552e-02
   3.1965801e-01  -1.3968675e-01  -7.6400016e-02
   3.1955112e-01  -1.3995208e-01  -7.6644550e-02
   3.1946345e-01  -1.4021326e-01  -7.6875692e-02
   3.1934091e-01  -1.4048564e-01  -7.7125498e-02
   3.1920926e-01  -1.4075000e-01  -7.7368292e-02
   3.1912118e-01  -1.4102001e-01  -7.7604247e-02
   3.1901202e-01  -1.4128479e-01  -7.7843201e-02
   3.1886525e-01  -1.4155682e-01  -7.8088066e-02
   3.1879102e-01  -1.4182506e-01  -7.8325134e-02
   3.1866679e-01  -1.4209407e-01  -7.8575201e-02
   3.1853983e-01  -1.4236717e-01  -7.8817542e-02
   3.1843457e-01  -1.4264152e-01  -7.9058912e-02
   3.1832518e-01  -1.4291083e-01  -7.9309302e-02
   3.1821360e-01  -1.4318511e-01  -7.9539247e-02
   3.1807296e-01  -1.4345969e-01  -7.9804084e-02
   3.1795996e-01  -1.4373669e-01  -8.0038718e-02
   3.1786720e-01  -1.4400916e-01  -8.0283115e-02
   3.1773989e-01  -1.4428766e-01  -8.0528587e-02
   3.1759742e-01  -1.4456023e-01  -8.0772676e-02
   3.1750615e-01  -1.4484543e-01  -8.1022155e-02
   3.1738992e-01  -1.4512288e-01  -8.1282317e-02
   3.1725253e-01  -1.4539747e-01  -8.1509812e-02
   3.1713414e-01  -1.4568321e-01  -8.1759641e-02
   3.1702492e-01  -1.4596054e-01  -8.2020440e-02
   3.1687171e-01  -1.4624009e-01  -8.2260257e-02
   3.1676511e-01  -1.4652877e-01  -8.2517875e-02
   3.1664780e-01  -1.4680775e-01  -8.2754244e-02
   3.1653365e-01  -1.4709019e-01  -8.3004077e-02
   3.1638737e-01  -1.4738051e-01  -8.3263844e-02
   3.1627053e-01  -1.4766245e-01  -8.3512754e-02
   3.1615140e-01  -1.4794637e-01  -8.3772021e-02
   3.1603398e-01  -1.4823398e-01  -8.4005489e-02
   3.1587853e-01  -1.4852507e-01  -8.4271494e-02
   3.1576852e-01  -1.4881400e-01  -8.4511728e-02
   3.1563736e-01  -1.4909992e-01  -8.4766623e-02
   3.1550750e-01  -1.4938864e-01  -8.5005652e-02
   3.1538271e-01  -1.4968418e-01  -8.5295061e-02
   3.1523643e-01  -1.4997026e-01  -8.5516656e-02
   3.1511771e-01  -1.5026784e-01  -8.5792128e-02
   3.1497879e-01  -1.5055231e-01  -8.6027853e-02
   3.1486443e-01  -1.5085430e-01  -8.6291713e-02
   3.1472331e-01  -1.5114555e-01  -8.6548387e-02
   3.1458129e-01  -1.5144002e-01  -8.6788360e-02
   3.1446590e-01  -1.5173603e-01  -8.7063256e-02
   3.1431485e-01  -1.5203429e-01  -8.7324036e-02
   3.1418525e-01  -1.5233024e-01  -8.7567562e-02
   3.1403736e-01  -1.5262639e-01  -8.7816520e-02
   3.1388099e-01  -1.5292898e-01  -8.8098274e-02
   3.1379079e-01  -1.5322404e-01  -8.8349665e-02
   3.1364956e-01  -1.5352885e-01  -8.8578862e-02
   3.1347412e-01  -1.5382981e-01  -8.8872543e-02
   3.1333683e-01  -1.5412874e-01  -8.9118986e-02
   3.1322174e-01  -1.5443242e-01  -8.9393470e-02
   3.1306182e-01  -1.5473457e-01  -8.9628554e-02
   3.1294176e-01  -1.5504091e-01  -8.9905480e-02
   3.1280950e-01  -1.5534431e-01  -9.0142404e-02
   3.1262897e-01  -1.5564872e-01  -9.0438668e-02
   3.1253599e-01  -1.5595692e-01  -9.0665646e-02
   3.1234124e-01  -1.5626044e-01  -9.0942179e-02
   3.1221491e-01  -1.5657076e-01  -9.1220747e-02
   3.1206583e-01  -1.5687927e-01  -9.1449193e-02
   3.1193028e-01  -1.5719177e-01  -9.1734805e-02
   3.1174940e-01  -1.5749654e-01  -9.1999530e-02
   3.1162533e-01  -1.5780913e-01  -9.2268389e-02
   3.1150694e-01  -1.5811877e-01  -9.2501614e-02
   3.1130199e-01  -1.5843606e-01  -9.2793130e-02
   3.1118043e-01  -1.5874348e-01  -9.3059702e-02
   3.1103880e-01  -1.5905914e-01  -9.3302607e-02
   3.1086430e-01  -1.5937363e-01  -9.3589101e-02
   3.1072278e-01  -1.5968777e-01  -9.3850570e-02
   3.1057167e-01  -1.6000651e-01  -9.4113317e-02
   3.1043417e-01  -1.6031892e-01  -9.4370418e-02
   3.1023256e-01  -1.6064154e-01  -9.4652203e-02
   3.1010180e-01  -1.6095572e-01  -9.4936591e-02
   3.0997932e-01  -1.6127910e-01  -9.5164812e-02
   3.0978732e-01  -1.6159247e-01  -9.5450738e-02
   3.0963361e-01  -1.6191542e-01  -9.5717899e-02
   3.0947142e-01  -1.6223822e-01  -9.6003995e-02
   3.0932263e-01  -1.6255828e-01  -9.6263617e-02
   3.0917437e-01  -1.6287809e-01  -9.6517342e-02
   3.0898315e-01  -1.6320534e-01  -9.6808814e-02
   3.0881816e-01  -1.6352710e-01  -9.7083900e-02
   3.0868606e-01  -1.6385327e-01  -9.7327673e-02
   3.0853121e-01  -1.6417816e-01  -9.7609874e-02
   3.0832983e-01  -1.6450604e-01  -9.7907127e-02
   3.0817984e-01  -1.6482958e-01  -9.8155552e-02
   3.0803587e-01  -1.6515974e-01  -9.8423182e-02
   3.0783142e-01  -1.6548933e-01  -9.8723651e-02
   3.0770680e-01  -1.6581522e-01  -9.8958167e-02
   3.0752088e-01  -1.6614689e-01  -9.9255290e-02
   3.0734164e-01  -1.6647827e-01  -9.9535595e-02
   3.0716673e-01  -1.6680607e-01  -9.9800743e-02
   3.0702466e-01  -1.6714155e-01  -1.0007734e-01
   3.0684164e-01  -1.6747110e-01  -1.0035274e-01
   3.0664534e-01  -1.6780655e-01  -1.0063437e-01
   3.0651596e-01  -1.6814293e-01  -1.0090152e-01
   3.0633831e-01  -1.6847552e-01  -1.0117236e-01
   3.0613442e-01  -1.6881196e-01  -1.0146766e-01
   3.0597453e-01  -1.6914890e-01  -1.0173786e-01
   3.0581298e-01  -1.6948487e-01  -1.0201195e-01
   3.0558799e-01  -1.6982130e-01  -1.0230399e-01
   3.0548491e-01  -1.7016379e-01  -1.0254908e-01
   3.0525065e-01  -1.7050388e-01  -1.0287352e-01
   3.0508463e-01  -1.7084054e-01  -1.0312166e-01
   3.0490250e-01  -1.7118144e-01  -1.0341288e-01
   3.0473380e-01  -1.7152277e-01  -1.0368415e-01
   3.0454312e-01  -1.7186776e-01  -1.0397349e-01
   3.0436600e-01  -1.7220652e-01  -1.0425428e-01
   3.0417970e-01  -1.7255426e-01  -1.0452841e-01
   3.0398870e-01  -1.7289514e-01  -1.0481670e-01
   3.0382314e-01  -1.7324402e-01  -1.0509549e-01
   3.0360691e-01  -1.7358625e-01  -1.0538737e-01
   3.0341993e-01  -1.7393373e-01  -1.0566760e-01
   3.0328010e-01  -1.7427942e-01  -1.0593269e-01
   3.0302229e-01  -1.7463057e-01  -1.0624759e-01
   3.0288903e-01  -1.7497504e-01  -1.0650530e-01
   3.0267861e-01  -1.7533151e-01  -1.0680742e-01
   3.0252025e-01  -1.7567530e-01  -1.0706358e-01
   3.0226314e-01  -1.7602702e-01  -1.0738947e-01
   3.0212952e-01  -1.7638513e-01  -1.0764793e-01
   3.0191830e-01  -1.7672924e-01  -1.0792747e-01
   3.0167834e-01  -1.7708594e-01  -1.0823851e-01
   3.0154071e-01  -1.7743673e-01  -1.0852705e-01
   3.0133791e-01  -1.7779577e-01  -1.0879319e-01
   3.0110413e-01  -1.7814543e-01  -1.0908390e-01
   3.0092766e-01  -1.7850337e-01  -1.0938569e-01
   3.0071801e-01  -1.7885872e-01  -1.0966304e-01
   3.0056098e-01  -1.7922114e-01  -1.0995543e-01
   3.0031387e-01  -1.7957387e-01  -1.1023534e-01
   3.0014531e-01  -1.7993321e-01  -1.1053535e-01
   2.9990381e-01  -1.8029207e-01  -1.1083092e-01
   2.9971964e-01  -1.8065722e-01  -1.1110490e-01
   2.9951730e-01  -1.8101018e-01  -1.1140844e-01
   2.9930037e-01  -1.8137745e-01  -1.1169831e-01
   2.9910273e-01  -1.8173396e-01  -1.1198946e-01
   2.9889351e-01  -1.8210237e-01  -1.1227266e-01
   2.9869202e-01  -1.8246099e-01  -1.1256708e-01
   2.9846690e-01  -1.8282726e-01  -1.1286342e-01
   2.9825911e-01  -1.8319155e-01  -1.1316929e-01
   2.9804794e-01  -1.8355982e-01  -1.1344017e-01
   2.9782692e-01  -1.8392324e-01  -1.1374535e-01
   2.9764046e-01  -1.8429040e-01  -1.1403892e-01
   2.9742596e-01  -1.8465731e-01  -1.1433261e-01
   2.9714630e-01  -1.8502329e-01  -1.1462788e-01
   2.9698826e-01  -1.8539516e-01  -1.1492848e-01
   2.9679115e-01  -1.8576655e-01  -1.1520139e-01
   2.9652610e-01  -1.8613615e-01  -1.1551916e-01
   2.9629444e-01  -1.8650669e-01  -1.1582205e-01
   2.9614296e-01  -1.8687672e-01  -1.1609212e-01
   2.9583841e-01  -1.8724745e-01  -1.1640910e-01
   2.9569468e-01  -1.8762378e-01  -1.1669624e-01
   2.9543337e-01  -1.8799748e-01  -1.1699561e-01
   2.9517424e-01  -1.8836794e-01  -1.1730989e-01
   2.9499604e-01  -1.8874633e-01  -1.1759077e-01
   2.9478175e-01  -1.8911972e-01  -1.1789428e-01
   2.9452767e-01  -1.8950197e-01  -1.1818740e-01
   2.9427482e-01  -1.8987307e-01  -1.1850038e-01
   2.9410336e-01  -1.9025023e-01  -1.1878477e-01
   2.9382211e-01  -1.9063312e-01  -1.1910114e-01
   2.9361445e-01  -1.9100588e-01  -1.1939102e-01
   2.9337225e-01  -1.9139094e-01  -1.1969629e-01
   2.9316860e-01  -1.9176671e-01  -1.1999351e-01
   2.9284840e-01  -1.9215106e-01  -1.2030984e-01
   2.9269661e-01  -1.9252723e-01  -1.2059018e-01
   2.9241920e-01  -1.9291424e-01  -1.2091244e-01
   2.9218324e-01  -1.9329742e-01  -1.2119306e-01
   2.9195774e-01  -1.9367728e-01  -1.2152250e-01
   2.9172458e-01  -1.9406461e-01  -1.2179687e-01
   2.9146146e-01  -1.9444718e-01  -1.2212764e-01
   2.9123689e-01  -1.9483397e-01  -1.2241838e-01
   2.9096851e-01  -1.9522151e-01  -1.2272854e-01
   2.9075076e-01  -1.9560514e-01  -1.2302521e-01
   2.9049404e-01  -1.9599465e-01  -1.2333084e-01
   2.9027905e-01  -1.9638160e-01  -1.2363822e-01
   2.8998548e-01  -1.9677145e-01  -1.2394947e-01
   2.8976764e-01  -1.9716171e-01  -1.2424956e-01
   2.8952015e-01  -1.9754705e-01  -1.2456223e-01
   2.8923452e-01  -1.9794270e-01  -1.2486196e-01
   2.8898647e-01  -1.9832174e-01  -1.2517769e-01
   2.8874207e-01  -1.9872521e-01  -1.2548794e-01
   2.8849877e-01  -1.9911800e-01  -1.2577576e-01
   2.8822088e-01  -1.9950520e-01  -1.2610367e-01
   2.8798509e-01  -1.9989977e-01  -1.2640713e-01
   2.8770636e-01  -2.0029196e-01  -1.2671505e-01
   2.8751461e-01  -2.0069563e-01  -1.2702396e-01
   2.8715557e-01  -2.0108120e-01  -1.2733434e-01
   2.8697230e-01  -2.0148348e-01  -1.2763764e-01
   2.8662028e-01  -2.0187389e-01  -1.2796143e-01
   2.8644232e-01  -2.0227697e-01  -1.2826079e-01
   2.8613090e-01  -2.0266845e-01  -1.2857955e-01
   2.8591531e-01  -2.0307284e-01  -1.2888020e-01
   2.8561182e-01  -2.0346697e-01  -1.2920531e-01
   2.8531332e-01  -2.0386647e-01  -1.2950732e-01
   2.8510089e-01  -2.0427419e-01  -1.2981732e-01
   2.8480510e-01  -2.0466697e-01  -1.3013513e-01
   2.8451275e-01  -2.0507246e-01  -1.3044902e-01
   2.8426413e-01  -2.0546750e-01  -1.3075957e-01
   2.8397732e-01  -2.0587731e-01  -1.3107651e-01
   2.8369093e-01  -2.0627398e-01  -1.3138605e-01
   2.8344768e-01  -2.0668173e-01  -1.3169965e-01
   2.8316723e-01  -2.0708457e-01  -1.3201583e-01
   2.8288523e-01  -2.0749446e-01  -1.3233005e-01
   2.8256853e-01  -2.0789286e-01  -1.3264501e-01
   2.8233462e-01  -2.0830240e-01  -1.3296599e-01
   2.8201937e-01  -2.0870253e-01  -1.3327491e-01
   2.8174799e-01  -2.0911698e-01  -1.3358444e-01
   2.8143695e-01  -2.0951927e-01  -1.3391224e-01
   2.8121413e-01  -2.0993216e-01  -1.3421824e-01
   2.8090447e-01  -2.1033765e-01  -1.3454532e-01
   2.8055788e-01  -2.1074270e-01  -1.3485918e-01
   2.8029942e-01  -2.1115775e-01  -1.3517192e-01
   2.8004096e-01  -2.1156819e-01  -1.3549779e-01
   2.7974279e-01  -2.1197501e-01  -1.3580594e-01
   2.7940445e-01  -2.1238702e-01  -1.3612602e-01
   2.7910903e-01  -2.1279859e-01  -1.3645675e-01
   2.7881931e-01  -2.1321094e-01  -1.3676440e-01
   2.7857030e-01  -2.1362769e-01  -1.3707810e-01
   2.7824111e-01  -2.1403954e-01  -1.3740657e-01
   2.7791375e-01  -2.1444725e-01  -1.3772853e-01
   2.7767213e-01  -2.1486955e-01  -1.3803549e-01
   2.7730498e-01  -2.1527652e-01  -1.3836728e-01
   2.7702706e-01  -2.1570046e-01  -1.3867872e-01
   2.7670797e-01  -2.1610939e-01  -1.3900818e-01
   2.7647405e-01  -2.1653154e-01  -1.3932010e-01
   2.7607629e-01  -2.1694265e-01  -1.3965427e-01
   2.7584573e-01  -2.1736501e-01  -1.3996395e-01
   2.7545152e-01  -2.1777708e-01  -1.4028389e-01
   2.7518290e-01  -2.1819791e-01  -1.4061382e-01
   2.7483467e-01  -2.1861696e-01  -1.4093762e-01
   2.7457192e-01  -2.1903683e-01  -1.4124727e-01
   2.7422639e-01  -2.1945520e-01  -1.4158268e-01
   2.7392663e-01  -2.1987389e-01  -1.4189618e-01
   2.7358329e-01  -2.2029951e-01  -1.4222272e-01
   2.7328811e-01  -2.2071956e-01  -1.4254556e-01
   2.7295026e-01  -2.2113993e-01  -1.4286728e-01
   2.7261712e-01  -2.2156018e-01  -1.4319574e-01
   2.7232389e-01  -2.2198022e-01  -1.4351829e-01
   2.7199425e-01  -2.2240781e-01  -1.4384433e-01
   2.7166440e-01  -2.2283221e-01  -1.4416470e-01
   2.7129510e-01  -2.2325277e-01  -1.4448684e-01
   2.7101308e-01  -2.2368011e-01  -1.4481792e-01
   2.7068888e-01  -2.2410597e-01  -1.4513497e-01
   2.7032602e-01  -2.2452259e-01  -1.4547203e-01
   2.7000632e-01  -2.2495944e-01  -1.4578393e-01
   2.6964708e-01  -2.2537079e-01  -1.4612453e-01
   2.6933208e-01  -2.2580583e-01  -1.4644051e-01
   2.6897732e-01  -2.2623790e-01  -1.4677067e-01
   2.6866376e-01  -2.2665647e-01  -1.4709516e-01
   2.6831337e-01  -2.2708672e-01  -1.4742200e-01
   2.6796394e-01  -2.2751524e-01  -1.4774882e-01
   2.6761539e-01  -2.2794186e-01  -1.4807877e-01
   2.6726921e-01  -2.2837271e-01  -1.4839987e-01
   2.6696581e-01  -2.2880121e-01  -1.4873125e-01
   2.6658354e-01  -2.2922956e-01  -1.4905814e-01
   2.6624240e-01  -2.2966304e-01  -1.4938438e-01
   2.6586230e-01  -2.3008723e-01  -1.4971531e-01
   2.6556676e-01  -2.3052607e-01  -1.5003730e-01
   2.6518948e-01  -2.3095610e-01  -1.5036836e-01
   2.6481431e-01  -2.3137648e-01  -1.5070005e-01
   2.6448388e-01  -2.3182213e-01  -1.5102386e-01
   2.6407081e-01  -2.3224390e-01  -1.5135974e-01
   2.6378395e-01  -2.3268463e-01  -1.5167575e-01
   2.6341665e-01  -2.3311333e-01  -1.5201356e-01
   2.6300825e-01  -2.3354921e-01  -1.5234439e-01
   2.6268620e-01  -2.3397608e-01  -1.5267421e-01
   2.6228280e-01  -2.3440976e-01  -1.5299962e-01
   2.6196272e-01  -2.3485412e-01  -1.5332457e-01
   2.6156159e-01  -2.3528419e-01  -1.5366134e-01
   2.6116307e-01  -2.3571213e-01  -1.5399204e-01
   2.6088985e-01  -2.3615557e-01  -1.5431715e-01
   2.6045388e-01  -2.3658932e-01  -1.5464930e-01
   2.6005858e-01  -2.3702113e-01  -1.5497937e-01
   2.5970893e-01  -2.3745758e-01  -1.5531476e-01
   2.5931790e-01  -2.3789497e-01  -1.5564165e-01
   2.5897027e-01  -2.3833515e-01  -1.5597281e-01
   2.5858390e-01  -2.3876762e-01  -1.5629947e-01
   2.5815603e-01  -2.3920643e-01  -1.5663603e-01
   2.5785488e-01  -2.3964640e-01  -1.5696698e-01
   2.5738975e-01  -2.4008294e-01  -1.5729016e-01
   2.5705071e-01  -2.4051868e-01  -1.5762957e-01
   2.5662977e-01  -2.4095606e-01  -1.5796129e-01
   2.5625157e-01  -2.4139396e-01  -1.5828955e-01
   2.5591685e-01  -2.4183768e-01  -1.5861571e-01
   2.5541891e-01  -2.4227142e-01  -1.5895753e-01
   2.5512806e-01  -2.4271782e-01  -1.5928458e-01
   2.5467397e-01  -2.4314782e-01  -1.5961410e-01
   2.5430428e-01  -2.4359701e-01  -1.5994787e-01
   2.5389396e-01  -2.4402730e-01  -1.6028406e-01
   2.5348512e-01  -2.4446819e-01  -1.6061222e-01
   2.5312038e-01  -2.4491950e-01  -1.6094222e-01
   2.5271463e-01  -2.4535349e-01  -1.6127294e-01
   2.5222922e-01  -2.4579249e-01  -1.6161299e-01
   2.5190745e-01  -2.4623888e-01  -1.6193898e-01
   2.5146637e-01  -2.4666931e-01  -1.6227798e-01
   2.5106698e-01  -2.4711457e-01  -1.6260886e-01
   2.5066776e-01  -2.4756062e-01  -1.6293165e-01
   2.5023055e-01  -2.4800235e-01  -1.6327348e-01
   2.4983485e-01  -2.4844018e-01  -1.6360369e-01
   2.4944056e-01  -2.4889273e-01  -1.6393368e-01
   2.4896571e-01  -2.4932390e-01  -1.6426909e-01
   2.4857408e-01  -2.4976122e-01  -1.6460274e-01
   2.4818383e-01  -2.5021574e-01  -1.6493040e-01
   2.4771464e-01  -2.5065402e-01  -1.6526649e-01
   2.4732500e-01  -2.5109477e-01  -1.6560161e-01
   2.4689872e-01  -2.5153972e-01  -1.6592961e-01
   2.4643210e-01  -2.5197846e-01  -1.6626346e-01
   2.4604825e-01  -2.5242682e-01  -1.6659731e-01
   2.4558409e-01  -2.5287070e-01  -1.6693203e-01
   2.4520127e-01  -2.5331648e-01  -1.6725934e-01
   2.4474078e-01  -2.5375117e-01  -1.6759029e-01
   2.4428076e-01  -2.5419641e-01  -1.6793244e-01
   2.4386187e-01  -2.5464180e-01  -1.6826117e-01
   2.4348310e-01  -2.5509184e-01  -1.6859031e-01
   2.4294757e-01  -2.5552040e-01  -1.6892707e-01
   2.4257184e-01  -2.5597827e-01  -1.6925874e-01
   2.4211629e-01  -2.5641671e-01  -1.6958555e-01
   2.4162617e-01  -2.5685897e-01  -1.6992305e-01
   2.4125068e-01  -2.5730184e-01  -1.7025672e-01
   2.4076046e-01  -2.5775836e-01  -1.7058449e-01
   2.4031002e-01  -2.5818702e-01  -1.7092423e-01
   2.3989990e-01  -2.5864249e-01  -1.7125212e-01
   2.3941388e-01  -2.5907639e-01  -1.7158064e-01
   2.3896482e-01  -2.5952771e-01  -1.7191775e-01
   2.3851884e-01  -2.5997144e-01  -1.7224684e-01
   2.3799630e-01  -2.6041019e-01  -1.7258323e-01
   2.3762856e-01  -2.6085706e-01  -1.7291275e-01
   2.3710850e-01  -2.6130362e-01  -1.7324165e-01
   2.3666461e-01  -2.6173932e-01  -1.7358043e-01
   2.3622242e-01  -2.6219681e-01  -1.7390777e-01
   2.3570400e-01  -2.6262772e-01  -1.7423807e-01
   2.3530246e-01  -2.6308277e-01  -1.7456827e-01
   2.3478537e-01  -2.6351136e-01  -1.7490595e-01
   2.3430790e-01  -2.6397182e-01  -1.7522960e-01
   2.3387077e-01  -2.6440679e-01  -1.7556381e-01
   2.3339159e-01  -2.6485619e-01  -1.7589821e-01
   2.3288182e-01  -2.6529132e-01  -1.7622650e-01
   2.3240617e-01  -2.6573932e-01  -1.7655595e-01
   2.3196910e-01  -2.6618943e-01  -1.7688763e-01
   2.3149709e-01  -2.6663021e-01  -1.7722069e-01
   2.3094944e-01  -2.6706386e-01  -1.7754837e-01
   2.3051307e-01  -2.6751959e-01  -1.7787953e-01
   2.3000619e-01  -2.6795622e-01  -1.7821035e-01
   2.2949791e-01  -2.6839089e-01  -1.7853344e-01
   2.2902746e-01  -2.6883922e-01  -1.7886789e-01
   2.2855694e-01  -2.6929015e-01  -1.7920125e-01
   2.2804946e-01  -2.6972933e-01  -1.7952794e-01
   2.2758202e-01  -2.7017089e-01  -1.7985709e-01
   2.2703874e-01  -2.7061265e-01  -1.8018351e-01
   2.2657158e-01  -2.7105546e-01  -1.8051620e-01
   2.2602996e-01  -2.7149092e-01  -1.8083976e-01
   2.2556420e-01  -2.7193961e-01  -1.8117287e-01
   2.2505796e-01  -2.7237444e-01  -1.8150050e-01
   2.2452293e-01  -2.7282118e-01  -1.8182527e-01
   2.2409008e-01  -2.7326416e-01  -1.8215633e-01
   2.2351180e-01  -2.7370368e-01  -1.8248604e-01
   2.2301556e-01  -2.7414455e-01  -1.8280587e-01
   2.2251006e-01  -2.7458242e-01  -1.8313972e-01
   2.2201226e-01  -2.7502841e-01  -1.8346460e-01
   2.2146964e-01  -2.7545759e-01  -1.8378928e-01
   2.2097150e-01  -2.7590432e-01  -1.8412049e-01
   2.2043651e-01  -2.7634263e-01  -1.8444005e-01
   2.1993269e-01  -2.7678738e-01  -1.8477486e-01
   2.1939880e-01  -2.7722144e-01  -1.8509345e-01
   2.1886391e-01  -2.7765444e-01  -1.8541553e-01
   2.1832767e-01  -2.7809881e-01  -1.8574771e-01
   2.1783023e-01  -2.7853649e-01  -1.8606633e-01
   2.1728957e-01  -2.7897599e-01  -1.8640078e-01
   2.1679246e-01  -2.7941485e-01  -1.8671595e-01
   2.1622111e-01  -2.7985093e-01  -1.8704566e-01
   2.1565327e-01  -2.8027903e-01  -1.8736596e-01
   2.1515697e-01  -2.8071678e-01  -1.8768563e-01
   2.1461502e-01  -2.8116745e-01  -1.8801559e-01
   2.1411903e-01  -2.8159924e-01  -1.8833514e-01
   2.1348136e-01  -2.8201963e-01  -1.8865879e-01
   2.1301408e-01  -2.8247319e-01  -1.8897768e-01
   2.1244804e-01  -2.8289026e-01  -1.8930114e-01
   2.1190781e-01  -2.8334496e-01  -1.8962594e-01
   2.1134252e-01  -2.8376188e-01  -1.8994335e-01
   2.1081025e-01  -2.8420191e-01  -1.9026214e-01
   2.1020440e-01  -2.8463093e-01  -1.9058152e-01
   2.0970170e-01  -2.8506650e-01  -1.9090247e-01
   2.0913399e-01  -2.8550331e-01  -1.9123188e-01
   2.0856811e-01  -2.8592470e-01  -1.9153675e-01
   2.0802588e-01  -2.8637174e-01  -1.9187052e-01
   2.0742916e-01  -2.8678462e-01  -1.9217475e-01
   2.0689005e-01  -2.8722362e-01  -1.9249852e-01
   2.0635532e-01  -2.8766297e-01  -1.9281878e-01
   2.0571746e-01  -2.8807694e-01  -1.9313041e-01
   2.0518096e-01  -2.8850668e-01  -1.9345009e-01
