   3.2633316e-03   1.1444997e-02  -1.7944509e-02
   3.3842672e-03   1.1910359e-02  -1.7882675e-02
   3.3134357e-03   1.1793414e-02  -1.7840713e-02
   3.3455496e-03   1.1707478e-02  -1.7759266e-02
   3.3467483e-03   1.1674900e-02  -1.7765351e-02
   3.3175037e-03   1.1656172e-02  -1.7737421e-02
   3.2382662e-03   1.1592731e-02  -1.7743661e-02
   3.2417053e-03   1.1486417e-02  -1.7716415e-02
   3.2293184e-03   1.1467797e-02  -1.7691004e-02
   3.2354920e-03   1.1360799e-02  -1.7664063e-02
   3.1678282e-03   1.1299769e-02  -1.7638468e-02
   3.1631297e-03   1.1281296e-02  -1.7647856e-02
   3.1312394e-03   1.1177199e-02  -1.7621921e-02
   3.1170385e-03   1.1115916e-02  -1.7630906e-02
   3.0606059e-03   1.1098287e-02  -1.7574688e-02
   3.1240181e-03   1.1039161e-02  -1.7584088e-02
   3.0519757e-03   1.0933961e-02  -1.7527678e-02
   3.0236553e-03   1.0829345e-02  -1.7537711e-02
   3.0060404e-03   1.0857816e-02  -1.7515917e-02
   2.9866363e-03   1.0798976e-02  -1.7494246e-02
   2.9994512e-03   1.0651495e-02  -1.7472239e-02
   2.9602337e-03   1.0637225e-02  -1.7451618e-02
   2.8920053e-03   1.0576174e-02  -1.7463556e-02
   2.9631083e-03   1.0478469e-02  -1.7410527e-02
   2.8780748e-03   1.0416183e-02  -1.7389710e-02
   2.8517837e-03   1.0401978e-02  -1.7403842e-02
   2.8665055e-03   1.0347263e-02  -1.7385438e-02
   2.8251584e-03   1.0245776e-02  -1.7333067e-02
   2.8408616e-03   1.0189620e-02  -1.7316059e-02
   2.7255400e-03   1.0132631e-02  -1.7328623e-02
   2.7910172e-03   1.0070577e-02  -1.7345256e-02
   2.7752553e-03   1.0023432e-02  -1.7261543e-02
   2.7149665e-03   9.9593842e-03  -1.7310696e-02
   2.6676654e-03   9.8653138e-03  -1.7227333e-02
   2.7127393e-03   9.8098272e-03  -1.7212359e-02
   2.6519324e-03   9.7958717e-03  -1.7229418e-02
   2.6548907e-03   9.6966734e-03  -1.7247322e-02
   2.6447427e-03   9.6435484e-03  -1.7197360e-02
   2.6161456e-03   9.6330494e-03  -1.7150903e-02
   2.5920171e-03   9.4497234e-03  -1.7135997e-02
   2.5450093e-03   9.4809924e-03  -1.7188403e-02
   2.5706637e-03   9.3833603e-03  -1.7042234e-02
   2.5454376e-03   9.3741572e-03  -1.7195211e-02
   2.5207661e-03   9.2778782e-03  -1.7049379e-02
   2.4796144e-03   9.1802702e-03  -1.7165164e-02
   2.4916206e-03   9.1770161e-03  -1.6960267e-02
   2.4151413e-03   9.0759259e-03  -1.7142160e-02
   2.4631907e-03   8.9807276e-03  -1.7000720e-02
   2.4132171e-03   9.0606060e-03  -1.7055913e-02
   2.4250176e-03   8.8341616e-03  -1.6977100e-02
   2.3341182e-03   8.8306960e-03  -1.7032932e-02
   2.3891750e-03   8.8203450e-03  -1.6890253e-02
   2.3405094e-03   8.6796542e-03  -1.7078825e-02
   2.3088043e-03   8.6799138e-03  -1.6872620e-02
   2.3122928e-03   8.5760232e-03  -1.6990592e-02
   2.2713996e-03   8.5306118e-03  -1.6853886e-02
   2.3023396e-03   8.5303818e-03  -1.6977067e-02
   2.2597649e-03   8.3440468e-03  -1.6834452e-02
   2.1930062e-03   8.4267752e-03  -1.6894324e-02
   2.2411603e-03   8.2896761e-03  -1.6885544e-02
   2.1863024e-03   8.2027102e-03  -1.6878713e-02
   2.1590374e-03   8.1930744e-03  -1.6802858e-02
   2.2148480e-03   8.1456421e-03  -1.6799373e-02
   2.0991389e-03   8.0195631e-03  -1.6857717e-02
   2.1462608e-03   8.0057009e-03  -1.6720704e-02
   2.0709508e-03   7.9136644e-03  -1.6843683e-02
   2.1028308e-03   7.8722770e-03  -1.6773214e-02
   2.0703343e-03   7.7824208e-03  -1.6702528e-02
   2.0505000e-03   7.7786361e-03  -1.6765182e-02
   2.0138016e-03   7.6828838e-03  -1.6757981e-02
   2.0640460e-03   7.6489264e-03  -1.6690936e-02
   1.9633841e-03   7.5525736e-03  -1.6748507e-02
   2.0023887e-03   7.5008740e-03  -1.6680513e-02
   1.9700828e-03   7.4172960e-03  -1.6677608e-02
   1.9706135e-03   7.4235181e-03  -1.6611495e-02
   1.8757874e-03   7.3706948e-03  -1.6734423e-02
   1.9281201e-03   7.2831784e-03  -1.6668079e-02
   1.9251117e-03   7.1509811e-03  -1.6599068e-02
   1.8997160e-03   7.1564681e-03  -1.6600624e-02
   1.8298054e-03   7.1057298e-03  -1.6662006e-02
   1.8453241e-03   6.9738908e-03  -1.6530620e-02
   1.7933435e-03   7.0248348e-03  -1.6593598e-02
   1.8173453e-03   6.9451302e-03  -1.6657357e-02
   1.7609001e-03   6.7561548e-03  -1.6587386e-02
   1.8224787e-03   6.8523652e-03  -1.6467710e-02
   1.7914369e-03   6.6775578e-03  -1.6464526e-02
   1.6850579e-03   6.7295062e-03  -1.6591055e-02
   1.7053595e-03   6.5927626e-03  -1.6585881e-02
   1.7442299e-03   6.5509125e-03  -1.6400138e-02
   1.6835217e-03   6.5157022e-03  -1.6530037e-02
   1.7108489e-03   6.3871796e-03  -1.6528600e-02
   1.6385754e-03   6.3460096e-03  -1.6467130e-02
   1.6555988e-03   6.3843362e-03  -1.6406931e-02
   1.6257765e-03   6.1395234e-03  -1.6465346e-02
   1.5637628e-03   6.2661236e-03  -1.6536932e-02
   1.6104654e-03   6.1390596e-03  -1.6410281e-02
   1.5996262e-03   6.0630103e-03  -1.6352613e-02
   1.5024111e-03   5.9775999e-03  -1.6479307e-02
   1.5676637e-03   5.9828298e-03  -1.6419497e-02
   1.5092303e-03   5.8994256e-03  -1.6298739e-02
   1.5377336e-03   5.8508188e-03  -1.6424074e-02
   1.4565893e-03   5.7405504e-03  -1.6428275e-02
   1.4972832e-03   5.7376953e-03  -1.6310710e-02
   1.4782119e-03   5.6633994e-03  -1.6374780e-02
   1.4344736e-03   5.5811064e-03  -1.6317880e-02
   1.4036693e-03   5.5330121e-03  -1.6384249e-02
   1.4423976e-03   5.4698610e-03  -1.6324527e-02
   1.3764554e-03   5.4220806e-03  -1.6272347e-02
   1.4000053e-03   5.3408878e-03  -1.6335920e-02
   1.3441448e-03   5.3120367e-03  -1.6277888e-02
   1.3742318e-03   5.2406863e-03  -1.6229657e-02
   1.3124298e-03   5.2372093e-03  -1.6420023e-02
   1.3492885e-03   5.0695299e-03  -1.6170535e-02
   1.3133186e-03   5.0759952e-03  -1.6247968e-02
   1.2784250e-03   5.0487629e-03  -1.6314062e-02
   1.2646819e-03   4.9150143e-03  -1.6198255e-02
   1.2752440e-03   4.8990775e-03  -1.6260385e-02
   1.2510740e-03   4.8519953e-03  -1.6214306e-02
   1.1658383e-03   4.7826366e-03  -1.6290857e-02
   1.2079956e-03   4.6938573e-03  -1.6226344e-02
   1.2087760e-03   4.5805989e-03  -1.6107758e-02
   1.1415072e-03   4.6429968e-03  -1.6307247e-02
   1.1635387e-03   4.5099335e-03  -1.6189517e-02
   1.1593954e-03   4.4417038e-03  -1.6136576e-02
   1.1342560e-03   4.4508325e-03  -1.6210754e-02
   1.1126738e-03   4.3723450e-03  -1.6165940e-02
   1.0904109e-03   4.3047476e-03  -1.6225302e-02
   1.1301208e-03   4.1727333e-03  -1.6048701e-02
   1.0405169e-03   4.2368728e-03  -1.6191873e-02
   1.0613005e-03   4.1700276e-03  -1.6140593e-02
   1.0373155e-03   4.0380138e-03  -1.6090337e-02
   1.0113766e-03   4.0148833e-03  -1.6218288e-02
   1.0349727e-03   3.9382840e-03  -1.5995904e-02
   9.5736521e-04   3.9161195e-03  -1.6181137e-02
   9.7554069e-04   3.7851698e-03  -1.6123059e-02
   9.4670996e-04   3.7627417e-03  -1.6095361e-02
   1.0036811e-03   3.7741422e-03  -1.6095971e-02
   9.1457983e-04   3.6227440e-03  -1.6103084e-02
   9.2750213e-04   3.5784894e-03  -1.6057285e-02
   8.6056197e-04   3.5136816e-03  -1.6139125e-02
   9.1912166e-04   3.5373907e-03  -1.5970732e-02
   8.2221832e-04   3.4190052e-03  -1.6145104e-02
   8.9181496e-04   3.3310277e-03  -1.6056220e-02
   7.9976905e-04   3.3234008e-03  -1.6069666e-02
   8.7185239e-04   3.2496464e-03  -1.5955383e-02
   7.2504201e-04   3.1294240e-03  -1.6148500e-02
   8.9350615e-04   3.1860735e-03  -1.5934531e-02
   6.8996525e-04   3.0369446e-03  -1.6129034e-02
   8.0664227e-04   3.0072397e-03  -1.6002514e-02
   7.2783830e-04   2.9320525e-03  -1.6039435e-02
   8.0111213e-04   2.9014801e-03  -1.5995153e-02
   7.3910581e-04   2.8528621e-03  -1.5992509e-02
   6.6077634e-04   2.7672859e-03  -1.6026563e-02
   6.6338360e-04   2.7497042e-03  -1.6028165e-02
   7.2285306e-04   2.6317104e-03  -1.5937354e-02
   6.0281599e-04   2.6160092e-03  -1.6126160e-02
   6.6656607e-04   2.5748251e-03  -1.5956136e-02
   6.4455725e-04   2.4825202e-03  -1.5934694e-02
   6.2502887e-04   2.4105609e-03  -1.6050344e-02
   6.2106658e-04   2.3799867e-03  -1.5965575e-02
   5.2979431e-04   2.3092902e-03  -1.5987058e-02
   6.6501575e-04   2.2495831e-03  -1.5911460e-02
   5.7304774e-04   2.1778747e-03  -1.6025453e-02
   5.0187078e-04   2.2058864e-03  -1.5968304e-02
   5.2132757e-04   1.9613477e-03  -1.5909254e-02
   5.5791742e-04   2.0745841e-03  -1.5953855e-02
   4.7180341e-04   1.9475968e-03  -1.5977048e-02
   5.2459919e-04   1.8905275e-03  -1.5910090e-02
   4.0776125e-04   1.8893686e-03  -1.5940811e-02
   4.4199650e-04   1.7617630e-03  -1.5960522e-02
   4.6949730e-04   1.7474176e-03  -1.5935237e-02
   3.9645082e-04   1.6629454e-03  -1.5999499e-02
   4.7929382e-04   1.5763746e-03  -1.5857857e-02
   3.5638106e-04   1.6362000e-03  -1.5985079e-02
   4.0782577e-04   1.4356639e-03  -1.5884554e-02
   4.1959830e-04   1.4654918e-03  -1.5909014e-02
   3.2716494e-04   1.4096853e-03  -1.5998225e-02
   2.9879412e-04   1.2418381e-03  -1.5898175e-02
   4.0233041e-04   1.3264348e-03  -1.5906725e-02
   2.1174705e-04   1.2013571e-03  -1.6000257e-02
   2.7708845e-04   1.1176009e-03  -1.5830394e-02
   3.5589894e-04   1.1342449e-03  -1.5988999e-02
   3.0545168e-04   1.0061751e-03  -1.5849699e-02
   2.0701040e-04   1.0262752e-03  -1.5960559e-02
   2.2123480e-04   8.9810547e-04  -1.5920424e-02
   1.8887479e-04   8.4372691e-04  -1.5839873e-02
   2.7165463e-04   8.1721574e-04  -1.6030725e-02
   1.6745751e-04   7.0822751e-04  -1.5832598e-02
   2.4284109e-04   6.6582053e-04  -1.5872223e-02
   2.1978361e-04   6.4341089e-04  -1.5938369e-02
   4.7178341e-05   5.7388764e-04  -1.5893373e-02
   1.5006443e-04   5.2374540e-04  -1.5916662e-02
   2.1830797e-04   4.0735568e-04  -1.5897797e-02
   4.9042979e-05   4.0088201e-04  -1.5877302e-02
   8.0260753e-05   3.3255312e-04  -1.5953186e-02
   1.2370013e-04   3.3988493e-04  -1.5862629e-02
   6.4104895e-06   1.8498833e-04  -1.5928704e-02
   1.2330101e-04   2.0519774e-04  -1.5895060e-02
  -4.5941847e-06   8.9994185e-05  -1.5924320e-02
   1.4954682e-05   6.0229597e-05  -1.5905066e-02
   7.9101775e-05  -1.2828556e-05  -1.5894044e-02
  -1.4750887e-04  -7.5453861e-05  -1.5892846e-02
   1.0827206e-04  -1.1224653e-04  -1.5907458e-02
  -1.3745203e-04  -2.3586544e-04  -1.5939204e-02
  -5.8916111e-05  -2.4700904e-04  -1.5826757e-02
  -9.9709639e-06  -2.5468963e-04  -1.5963830e-02
  -1.3370957e-04  -4.0475306e-04  -1.5909034e-02
  -3.2450317e-05  -3.9640443e-04  -1.5861222e-02
  -1.2670281e-05  -5.2561457e-04  -1.5800472e-02
  -2.9330282e-04  -5.0775861e-04  -1.6039915e-02
  -8.1599505e-05  -5.8215754e-04  -1.5900118e-02
  -2.0914749e-04  -6.8575150e-04  -1.5884340e-02
   9.4408738e-05  -5.9820968e-04  -1.5829800e-02
  -2.2468163e-04  -7.8582824e-04  -1.5990651e-02
  -3.2768660e-04  -8.4942168e-04  -1.5870613e-02
  -1.2807144e-04  -8.8844625e-04  -1.5922067e-02
  -3.0962747e-04  -9.2241208e-04  -1.5926060e-02
  -2.2995653e-04  -1.0007056e-03  -1.5943049e-02
  -1.2959412e-04  -1.1115480e-03  -1.5779553e-02
  -2.0819779e-04  -1.0699113e-03  -1.5974697e-02
  -2.5926430e-04  -1.1209466e-03  -1.5941812e-02
  -6.0210167e-04  -1.3037679e-03  -1.5974253e-02
  -2.7355749e-04  -1.2933368e-03  -1.5870125e-02
  -8.5768322e-05  -1.3284372e-03  -1.5912964e-02
  -4.9851232e-04  -1.4286100e-03  -1.6039902e-02
  -2.2059331e-04  -1.4625011e-03  -1.5850247e-02
  -3.7617716e-04  -1.4550851e-03  -1.5966885e-02
  -3.4632085e-04  -1.5925433e-03  -1.5905039e-02
  -5.6819533e-04  -1.6583235e-03  -1.5963633e-02
  -4.1950447e-04  -1.7017967e-03  -1.5924989e-02
  -2.2844038e-04  -1.7361074e-03  -1.5949947e-02
  -4.8632625e-04  -1.8190212e-03  -1.6005298e-02
  -5.1722966e-04  -1.8843466e-03  -1.5945418e-02
  -2.4440651e-04  -1.9106412e-03  -1.5779885e-02
  -4.9890554e-04  -1.9761051e-03  -1.6078177e-02
  -7.6428229e-04  -2.0803746e-03  -1.5999572e-02
  -4.3355545e-04  -2.0285272e-03  -1.5964227e-02
  -3.8580486e-04  -2.1979540e-03  -1.6016512e-02
  -5.4523749e-04  -2.2243444e-03  -1.5899267e-02
  -5.8490905e-04  -2.2378535e-03  -1.5996458e-02
  -4.3876014e-04  -2.3816820e-03  -1.5870642e-02
  -6.1161526e-04  -2.3736995e-03  -1.6032574e-02
  -8.4428414e-04  -2.3990007e-03  -1.6083833e-02
  -5.6283731e-04  -2.5489243e-03  -1.5958340e-02
  -5.5309236e-04  -2.5565461e-03  -1.6029554e-02
  -7.2922729e-04  -2.6615583e-03  -1.6048709e-02
  -5.1206594e-04  -2.6672222e-03  -1.5897432e-02
  -8.0532519e-04  -2.7447124e-03  -1.6109050e-02
  -6.2107062e-04  -2.8643893e-03  -1.5897212e-02
  -7.3409983e-04  -2.7945184e-03  -1.6115915e-02
  -7.7410401e-04  -2.9039575e-03  -1.6037849e-02
  -6.5915187e-04  -2.9864182e-03  -1.5951736e-02
  -7.2406061e-04  -3.0411147e-03  -1.6042067e-02
  -6.2179286e-04  -3.0805014e-03  -1.5971793e-02
  -9.1106952e-04  -3.1622820e-03  -1.6023893e-02
  -9.5181352e-04  -3.1823729e-03  -1.6158748e-02
  -7.2858887e-04  -3.2743104e-03  -1.6043719e-02
  -7.1260649e-04  -3.3004072e-03  -1.6108111e-02
  -9.7213092e-04  -3.4395541e-03  -1.6057683e-02
  -6.8253447e-04  -3.4513091e-03  -1.6045803e-02
  -7.8062428e-04  -3.4956779e-03  -1.6091398e-02
  -9.9562654e-04  -3.5251433e-03  -1.6102978e-02
  -1.0583791e-03  -3.6788640e-03  -1.6112878e-02
  -7.4462721e-04  -3.6334512e-03  -1.6194891e-02
  -7.5082780e-04  -3.7516644e-03  -1.5893295e-02
  -1.0011483e-03  -3.7902294e-03  -1.6208189e-02
  -1.0055859e-03  -3.8494999e-03  -1.6025489e-02
  -9.4677644e-04  -3.8507240e-03  -1.6183603e-02
  -1.0753449e-03  -4.0203680e-03  -1.6202360e-02
  -1.1528583e-03  -4.0594637e-03  -1.6148599e-02
  -9.0867511e-04  -4.0686003e-03  -1.6020383e-02
  -8.8195493e-04  -4.0896021e-03  -1.6197056e-02
  -1.1843227e-03  -4.2328396e-03  -1.6092999e-02
  -1.1303225e-03  -4.2312214e-03  -1.6331418e-02
  -9.1515693e-04  -4.3396708e-03  -1.6064029e-02
  -1.2041626e-03  -4.4024119e-03  -1.6275007e-02
  -1.0918199e-03  -4.4640759e-03  -1.6047414e-02
  -1.1470717e-03  -4.4641110e-03  -1.6247657e-02
  -1.0081040e-03  -4.5077752e-03  -1.6186390e-02
  -1.1472384e-03  -4.6613927e-03  -1.6271465e-02
  -1.2988292e-03  -4.7109582e-03  -1.6180353e-02
  -1.0315671e-03  -4.7446587e-03  -1.6282399e-02
  -1.3123862e-03  -4.7983273e-03  -1.6167948e-02
  -1.1604968e-03  -4.8206059e-03  -1.6290180e-02
  -1.2683114e-03  -4.9040386e-03  -1.6278763e-02
  -1.1147272e-03  -4.9452054e-03  -1.6241580e-02
  -1.3001973e-03  -5.0064301e-03  -1.6204989e-02
  -1.1948291e-03  -5.1578252e-03  -1.6215498e-02
  -1.4253800e-03  -5.1055432e-03  -1.6398810e-02
  -1.2217180e-03  -5.2406287e-03  -1.6261641e-02
  -1.3499319e-03  -5.1890842e-03  -1.6235918e-02
  -1.3689669e-03  -5.4029448e-03  -1.6333440e-02
  -1.4796242e-03  -5.3834432e-03  -1.6388835e-02
  -1.4136636e-03  -5.4108516e-03  -1.6261368e-02
  -1.4780214e-03  -5.5113067e-03  -1.6457976e-02
  -1.1844646e-03  -5.6139439e-03  -1.6293112e-02
  -1.4235951e-03  -5.6065328e-03  -1.6381583e-02
  -1.5139042e-03  -5.6814291e-03  -1.6282751e-02
  -1.4432807e-03  -5.6626657e-03  -1.6446999e-02
  -1.3310162e-03  -5.9053950e-03  -1.6395080e-02
  -1.7118719e-03  -5.7831570e-03  -1.6487454e-02
  -1.3280235e-03  -5.9279132e-03  -1.6274939e-02
  -1.2832046e-03  -5.9867545e-03  -1.6346065e-02
  -1.6270224e-03  -6.0511603e-03  -1.6446592e-02
  -1.6621010e-03  -6.0324602e-03  -1.6427015e-02
  -1.7967642e-03  -6.1753290e-03  -1.6632149e-02
  -1.5015905e-03  -6.1945454e-03  -1.6347663e-02
  -1.6224390e-03  -6.2820182e-03  -1.6436248e-02
  -1.7907042e-03  -6.3399778e-03  -1.6589287e-02
  -1.1046256e-03  -6.3921472e-03  -1.6303199e-02
  -1.8864717e-03  -6.4616715e-03  -1.6588349e-02
  -1.8838601e-03  -6.5163934e-03  -1.6687846e-02
  -1.4287340e-03  -6.5623481e-03  -1.6412045e-02
  -1.8974857e-03  -6.6400743e-03  -1.6536657e-02
  -1.6205465e-03  -6.6623589e-03  -1.6480294e-02
  -1.6350572e-03  -6.7734385e-03  -1.6611412e-02
  -1.6281206e-03  -6.8517600e-03  -1.6587018e-02
  -1.7044909e-03  -6.8536718e-03  -1.6509648e-02
  -2.1169137e-03  -6.8914136e-03  -1.6601862e-02
  -1.5869471e-03  -7.0102639e-03  -1.6564299e-02
  -1.9363893e-03  -7.0685970e-03  -1.6600170e-02
  -1.8868888e-03  -7.1041343e-03  -1.6688484e-02
  -1.8065307e-03  -7.2249852e-03  -1.6666732e-02
  -1.6752926e-03  -7.2294819e-03  -1.6573866e-02
  -2.0960035e-03  -7.2770163e-03  -1.6740508e-02
  -1.9987836e-03  -7.3224464e-03  -1.6658690e-02
  -2.0100365e-03  -7.4027188e-03  -1.6614440e-02
  -1.8291176e-03  -7.5347472e-03  -1.6784784e-02
  -1.8224090e-03  -7.4866234e-03  -1.6708175e-02
  -1.7203504e-03  -7.5561210e-03  -1.6613937e-02
  -2.1795383e-03  -7.6875013e-03  -1.6822523e-02
  -2.0424506e-03  -7.6618866e-03  -1.6693183e-02
  -2.2481577e-03  -7.7516643e-03  -1.6792177e-02
  -1.7575582e-03  -7.8852865e-03  -1.6745977e-02
  -2.0417232e-03  -7.9226817e-03  -1.6858398e-02
  -2.1078574e-03  -7.9604689e-03  -1.6667560e-02
  -2.0437780e-03  -7.9765422e-03  -1.6875071e-02
  -2.4195264e-03  -8.1018915e-03  -1.6846480e-02
  -2.1215522e-03  -8.1785117e-03  -1.6895326e-02
  -2.0632299e-03  -8.1564962e-03  -1.6761379e-02
  -2.0566896e-03  -8.2664394e-03  -1.6849384e-02
  -2.1085535e-03  -8.3268936e-03  -1.6958734e-02
  -2.2973767e-03  -8.3978222e-03  -1.6821602e-02
  -2.2681932e-03  -8.4246444e-03  -1.6924232e-02
  -2.1217936e-03  -8.4748063e-03  -1.7075125e-02
  -2.4123422e-03  -8.5679039e-03  -1.6825426e-02
  -2.0681856e-03  -8.6466628e-03  -1.7041279e-02
  -2.4407050e-03  -8.6470390e-03  -1.6863393e-02
  -2.3549462e-03  -8.7243447e-03  -1.7073612e-02
  -2.2827742e-03  -8.8720243e-03  -1.6932881e-02
  -2.2280778e-03  -8.8396963e-03  -1.6984674e-02
  -2.6499653e-03  -8.8968984e-03  -1.7138102e-02
  -2.3428439e-03  -8.9595860e-03  -1.7008996e-02
  -2.2486751e-03  -9.0634780e-03  -1.6994050e-02
  -2.6425502e-03  -9.1735687e-03  -1.7211258e-02
  -2.5340128e-03  -9.1118822e-03  -1.6987208e-02
  -2.4994984e-03  -9.2552699e-03  -1.7232284e-02
  -2.1918893e-03  -9.3635358e-03  -1.6944130e-02
  -2.5583703e-03  -9.2761270e-03  -1.7184140e-02
  -2.7796609e-03  -9.4590903e-03  -1.7135872e-02
  -2.1521563e-03  -9.4943344e-03  -1.7273683e-02
  -2.6064251e-03  -9.5445368e-03  -1.7081648e-02
  -2.7276630e-03  -9.6062468e-03  -1.7306241e-02
  -2.4352971e-03  -9.6187606e-03  -1.6992883e-02
  -2.5995192e-03  -9.7612960e-03  -1.7279466e-02
  -2.7586744e-03  -9.7732598e-03  -1.7282934e-02
  -2.6365898e-03  -9.8338189e-03  -1.7375528e-02
  -2.8632394e-03  -9.9480870e-03  -1.7247595e-02
  -2.4766418e-03  -9.9525435e-03  -1.7269459e-02
  -2.9355227e-03  -9.9926206e-03  -1.7191683e-02
  -2.8037196e-03  -1.0127763e-02  -1.7450306e-02
  -2.5582284e-03  -1.0140045e-02  -1.7174481e-02
  -2.8773806e-03  -1.0263027e-02  -1.7566954e-02
  -2.8081725e-03  -1.0247581e-02  -1.7409336e-02
  -2.4714801e-03  -1.0360286e-02  -1.7273075e-02
  -3.2071007e-03  -1.0422452e-02  -1.7372015e-02
  -2.7769316e-03  -1.0396139e-02  -1.7574077e-02
  -2.7280671e-03  -1.0585554e-02  -1.7323326e-02
  -2.8778542e-03  -1.0624934e-02  -1.7482395e-02
  -2.8208699e-03  -1.0650061e-02  -1.7426430e-02
  -3.1632848e-03  -1.0722048e-02  -1.7612868e-02
  -2.8775401e-03  -1.0744179e-02  -1.7544906e-02
  -3.0988546e-03  -1.0880453e-02  -1.7405827e-02
  -2.9006821e-03  -1.0906775e-02  -1.7594674e-02
  -3.0776921e-03  -1.0928387e-02  -1.7618367e-02
  -2.8004248e-03  -1.1075969e-02  -1.7531864e-02
  -3.4322613e-03  -1.1055218e-02  -1.7693229e-02
  -3.0780305e-03  -1.1144420e-02  -1.7635147e-02
  -3.0046402e-03  -1.1216916e-02  -1.7585802e-02
  -3.1650694e-03  -1.1272381e-02  -1.7707782e-02
  -3.0646598e-03  -1.1362606e-02  -1.7512847e-02
  -2.9320333e-03  -1.1428373e-02  -1.7789828e-02
  -3.6700496e-03  -1.1452564e-02  -1.7718755e-02
  -3.0367639e-03  -1.1538292e-02  -1.7784517e-02
  -3.1825101e-03  -1.1599441e-02  -1.7749175e-02
  -3.3718206e-03  -1.1654027e-02  -1.7744133e-02
  -3.0221482e-03  -1.1722233e-02  -1.7800843e-02
  -3.3714456e-03  -1.1810907e-02  -1.7957593e-02
  -3.6169922e-03  -1.1861860e-02  -1.7766972e-02
  -3.2208775e-03  -1.1909872e-02  -1.7828644e-02
  -3.4234331e-03  -1.1943289e-02  -1.7827048e-02
  -3.0647887e-03  -1.2035133e-02  -1.7856468e-02
  -3.4484094e-03  -1.2136361e-02  -1.7854414e-02
  -3.6240751e-03  -1.2153750e-02  -1.7982645e-02
  -3.2317731e-03  -1.2255304e-02  -1.8113143e-02
  -3.9767887e-03  -1.2287890e-02  -1.7783148e-02
  -3.3600894e-03  -1.2324559e-02  -1.8022493e-02
  -3.4612670e-03  -1.2391018e-02  -1.7964792e-02
  -3.4020733e-03  -1.2502905e-02  -1.8111565e-02
  -3.7963644e-03  -1.2538492e-02  -1.8085141e-02
  -3.7309560e-03  -1.2644828e-02  -1.8124631e-02
  -3.6252360e-03  -1.2636209e-02  -1.8053808e-02
  -3.5118258e-03  -1.2749107e-02  -1.8098088e-02
  -3.7233451e-03  -1.2778488e-02  -1.8033074e-02
  -3.5413278e-03  -1.2891258e-02  -1.8345482e-02
  -3.7082106e-03  -1.2942365e-02  -1.8022724e-02
  -3.4163110e-03  -1.3037973e-02  -1.8351220e-02
  -4.0463902e-03  -1.3028447e-02  -1.8285266e-02
  -3.7359971e-03  -1.3138015e-02  -1.8063946e-02
  -3.8383631e-03  -1.3173919e-02  -1.8408974e-02
  -3.7730062e-03  -1.3242752e-02  -1.8306643e-02
  -3.9219650e-03  -1.3339250e-02  -1.8258358e-02
  -4.0648824e-03  -1.3349934e-02  -1.8340991e-02
  -3.7308346e-03  -1.3443276e-02  -1.8253145e-02
  -3.9213346e-03  -1.3517876e-02  -1.8455482e-02
  -4.2820734e-03  -1.3571534e-02  -1.8356447e-02
  -3.7189603e-03  -1.3624668e-02  -1.8303862e-02
  -4.0755910e-03  -1.3700720e-02  -1.8650047e-02
  -4.0013186e-03  -1.3771967e-02  -1.8286601e-02
  -3.9054568e-03  -1.3872848e-02  -1.8503042e-02
  -4.0749576e-03  -1.3901792e-02  -1.8578250e-02
  -3.9712981e-03  -1.3937055e-02  -1.8482230e-02
  -4.1424791e-03  -1.4016595e-02  -1.8580398e-02
  -4.5462810e-03  -1.4128938e-02  -1.8636161e-02
  -3.6783213e-03  -1.4142939e-02  -1.8418492e-02
  -4.5806221e-03  -1.4221125e-02  -1.8797434e-02
  -3.9966409e-03  -1.4294576e-02  -1.8548149e-02
  -4.1598045e-03  -1.4332722e-02  -1.8647652e-02
  -4.8237300e-03  -1.4427689e-02  -1.8722982e-02
  -4.2073254e-03  -1.4465348e-02  -1.8643709e-02
  -4.1006263e-03  -1.4603895e-02  -1.8704096e-02
  -4.5172843e-03  -1.4617833e-02  -1.8912909e-02
  -4.1800331e-03  -1.4631854e-02  -1.8588877e-02
  -4.8375974e-03  -1.4754982e-02  -1.9066116e-02
  -4.2379537e-03  -1.4808486e-02  -1.8594428e-02
  -4.6522578e-03  -1.4889361e-02  -1.8938770e-02
  -4.2887599e-03  -1.4987394e-02  -1.9002117e-02
  -4.1933235e-03  -1.4981216e-02  -1.8810081e-02
  -4.8640413e-03  -1.5021794e-02  -1.9026253e-02
  -4.7809282e-03  -1.5180086e-02  -1.8955386e-02
  -4.1671750e-03  -1.5198118e-02  -1.8895137e-02
  -4.8259865e-03  -1.5258794e-02  -1.8974872e-02
  -4.4692523e-03  -1.5356781e-02  -1.9055967e-02
  -4.9055476e-03  -1.5394729e-02  -1.8991115e-02
  -4.5338231e-03  -1.5495705e-02  -1.9068053e-02
  -4.9557435e-03  -1.5472629e-02  -1.9011482e-02
  -4.6224023e-03  -1.5659008e-02  -1.9338543e-02
  -4.7623006e-03  -1.5670842e-02  -1.8906444e-02
  -4.6764841e-03  -1.5735988e-02  -1.9376907e-02
  -5.0702814e-03  -1.5833603e-02  -1.9058244e-02
  -4.9855579e-03  -1.5817347e-02  -1.9260735e-02
  -4.6658165e-03  -1.5954858e-02  -1.9207926e-02
  -4.7915380e-03  -1.6060178e-02  -1.9417996e-02
  -5.2080023e-03  -1.5996692e-02  -1.9235381e-02
  -5.1346270e-03  -1.6197365e-02  -1.9444985e-02
  -5.0077467e-03  -1.6116555e-02  -1.9149132e-02
  -4.9441978e-03  -1.6324709e-02  -1.9600059e-02
  -5.0918268e-03  -1.6365947e-02  -1.9297011e-02
  -5.2689042e-03  -1.6346426e-02  -1.9370537e-02
  -4.6281836e-03  -1.6509108e-02  -1.9462728e-02
  -5.8457476e-03  -1.6546532e-02  -1.9543180e-02
  -4.9552747e-03  -1.6552485e-02  -1.9502334e-02
  -4.9183055e-03  -1.6737217e-02  -1.9573421e-02
  -5.2888421e-03  -1.6703067e-02  -1.9403752e-02
  -5.4671397e-03  -1.6862123e-02  -1.9742584e-02
  -5.3647694e-03  -1.6866696e-02  -1.9563857e-02
  -5.2977392e-03  -1.6867202e-02  -1.9651248e-02
  -5.1882453e-03  -1.7071530e-02  -1.9755926e-02
  -5.6087103e-03  -1.7074982e-02  -1.9695263e-02
  -5.2154247e-03  -1.7100961e-02  -1.9659394e-02
  -5.7272772e-03  -1.7225217e-02  -1.9730576e-02
  -5.5692968e-03  -1.7268886e-02  -1.9700096e-02
  -5.5089701e-03  -1.7351518e-02  -1.9909934e-02
  -5.4161864e-03  -1.7417250e-02  -1.9877325e-02
  -5.5580439e-03  -1.7485618e-02  -1.9710381e-02
  -5.7174957e-03  -1.7567134e-02  -1.9802142e-02
  -5.6848384e-03  -1.7617675e-02  -2.0148216e-02
  -5.8310875e-03  -1.7674378e-02  -1.9968056e-02
  -5.4773225e-03  -1.7751968e-02  -1.9806847e-02
  -5.9095727e-03  -1.7870883e-02  -2.0164239e-02
  -5.7836227e-03  -1.7856012e-02  -2.0004492e-02
  -5.7034425e-03  -1.7945863e-02  -1.9962539e-02
  -5.8949166e-03  -1.8033902e-02  -2.0052398e-02
  -6.0761909e-03  -1.8097045e-02  -2.0140791e-02
  -5.7514112e-03  -1.8221932e-02  -2.0377148e-02
  -6.3494290e-03  -1.8144135e-02  -1.9925418e-02
  -5.5457909e-03  -1.8368458e-02  -2.0202688e-02
  -6.0146600e-03  -1.8365486e-02  -2.0273239e-02
  -6.1230946e-03  -1.8427870e-02  -2.0233651e-02
  -6.0410930e-03  -1.8508503e-02  -2.0345532e-02
  -6.2354164e-03  -1.8607843e-02  -2.0299781e-02
  -6.1817960e-03  -1.8638189e-02  -2.0280949e-02
  -6.0486979e-03  -1.8703696e-02  -2.0513054e-02
  -6.1893739e-03  -1.8721085e-02  -2.0088276e-02
  -6.2196151e-03  -1.8966143e-02  -2.0592179e-02
  -6.5498542e-03  -1.8866234e-02  -2.0392185e-02
  -6.2489101e-03  -1.9005373e-02  -2.0536239e-02
  -6.1806612e-03  -1.9075519e-02  -2.0642806e-02
  -6.5643730e-03  -1.9114484e-02  -2.0449526e-02
  -6.2924689e-03  -1.9185524e-02  -2.0722507e-02
  -6.6489028e-03  -1.9242248e-02  -2.0546430e-02
  -6.1740069e-03  -1.9418582e-02  -2.0552946e-02
  -7.0437122e-03  -1.9351878e-02  -2.0879814e-02
  -6.1438846e-03  -1.9433120e-02  -2.0488787e-02
  -6.6359898e-03  -1.9587006e-02  -2.0868403e-02
  -6.7914968e-03  -1.9632497e-02  -2.0692545e-02
  -6.7223323e-03  -1.9642747e-02  -2.0673988e-02
  -6.4762552e-03  -1.9798473e-02  -2.0947062e-02
  -6.7830807e-03  -1.9827168e-02  -2.0759829e-02
  -6.7435083e-03  -1.9895655e-02  -2.0767037e-02
  -6.8906938e-03  -1.9888248e-02  -2.0988328e-02
  -6.5900656e-03  -2.0132172e-02  -2.0861036e-02
  -7.1185046e-03  -2.0129413e-02  -2.1224187e-02
  -6.9952629e-03  -2.0131237e-02  -2.0817355e-02
  -6.9000610e-03  -2.0231713e-02  -2.1077234e-02
  -7.0824363e-03  -2.0330698e-02  -2.1043280e-02
  -7.0344555e-03  -2.0402254e-02  -2.1168145e-02
  -7.2616491e-03  -2.0485326e-02  -2.1159962e-02
  -6.8280641e-03  -2.0512500e-02  -2.1157919e-02
  -7.5726411e-03  -2.0600616e-02  -2.1241612e-02
  -6.9586743e-03  -2.0638347e-02  -2.1133715e-02
  -7.2455598e-03  -2.0720446e-02  -2.1265886e-02
  -7.3394145e-03  -2.0812508e-02  -2.1355435e-02
  -7.2398999e-03  -2.0897215e-02  -2.1238848e-02
  -7.2934159e-03  -2.0950531e-02  -2.1366294e-02
  -7.6196326e-03  -2.1033335e-02  -2.1347438e-02
  -7.0547040e-03  -2.1055163e-02  -2.1368554e-02
  -7.6491494e-03  -2.1193662e-02  -2.1569087e-02
  -7.3676745e-03  -2.1193789e-02  -2.1331032e-02
  -7.7690711e-03  -2.1326819e-02  -2.1603377e-02
  -7.5390511e-03  -2.1387470e-02  -2.1439764e-02
  -7.3939465e-03  -2.1511930e-02  -2.1643376e-02
  -7.9451385e-03  -2.1468871e-02  -2.1698338e-02
  -7.6132376e-03  -2.1600781e-02  -2.1589300e-02
  -7.9143776e-03  -2.1602767e-02  -2.1576451e-02
  -7.8552794e-03  -2.1785029e-02  -2.1703366e-02
  -7.7186123e-03  -2.1775124e-02  -2.1783458e-02
  -8.0369952e-03  -2.1916686e-02  -2.1857139e-02
  -7.8581494e-03  -2.1942794e-02  -2.1725726e-02
  -8.0865045e-03  -2.2007076e-02  -2.1888829e-02
  -7.6748769e-03  -2.2069262e-02  -2.1741531e-02
  -8.1445179e-03  -2.2162027e-02  -2.2016561e-02
  -8.2148405e-03  -2.2238287e-02  -2.1884434e-02
  -7.7431160e-03  -2.2318984e-02  -2.1939649e-02
  -8.3419914e-03  -2.2358885e-02  -2.2072222e-02
  -8.5700445e-03  -2.2435880e-02  -2.1991968e-02
  -7.6780568e-03  -2.2561245e-02  -2.1990889e-02
  -8.6731588e-03  -2.2549975e-02  -2.2189518e-02
  -8.1253478e-03  -2.2651684e-02  -2.2092756e-02
  -8.8172611e-03  -2.2720223e-02  -2.2218708e-02
  -8.0384826e-03  -2.2842498e-02  -2.2169143e-02
  -8.4796544e-03  -2.2873591e-02  -2.2293110e-02
  -8.8249234e-03  -2.2976362e-02  -2.2415799e-02
  -8.2726899e-03  -2.2969852e-02  -2.2178430e-02
  -8.6271011e-03  -2.3155607e-02  -2.2333622e-02
  -8.9388845e-03  -2.3155985e-02  -2.2467824e-02
  -8.3084301e-03  -2.3256351e-02  -2.2427318e-02
  -8.8641984e-03  -2.3307217e-02  -2.2401444e-02
  -9.0015821e-03  -2.3385489e-02  -2.2546653e-02
  -8.7811875e-03  -2.3478229e-02  -2.2427801e-02
  -8.8873371e-03  -2.3512644e-02  -2.2469022e-02
  -8.7833301e-03  -2.3570416e-02  -2.2501939e-02
  -9.3689466e-03  -2.3740121e-02  -2.2778180e-02
  -8.7055750e-03  -2.3710094e-02  -2.2584411e-02
  -9.0342677e-03  -2.3832499e-02  -2.2739483e-02
  -9.2664643e-03  -2.3897082e-02  -2.2568729e-02
  -9.1738587e-03  -2.3946150e-02  -2.2797292e-02
  -8.9205154e-03  -2.4053651e-02  -2.2842286e-02
  -9.6286016e-03  -2.4054361e-02  -2.2813838e-02
  -8.9993025e-03  -2.4199072e-02  -2.2905481e-02
  -9.5543177e-03  -2.4277866e-02  -2.2911327e-02
  -9.0969758e-03  -2.4349279e-02  -2.2990008e-02
  -9.8908641e-03  -2.4407736e-02  -2.2946796e-02
  -9.2440097e-03  -2.4420063e-02  -2.2795124e-02
  -9.5972513e-03  -2.4573574e-02  -2.3218095e-02
  -9.5818000e-03  -2.4619720e-02  -2.3003296e-02
  -9.8457759e-03  -2.4709843e-02  -2.3119049e-02
  -9.4123109e-03  -2.4798858e-02  -2.3280415e-02
  -9.9499590e-03  -2.4838800e-02  -2.3071941e-02
  -9.7796546e-03  -2.4892792e-02  -2.3293191e-02
  -9.8697255e-03  -2.4983001e-02  -2.3073066e-02
  -9.5910537e-03  -2.5051632e-02  -2.3444538e-02
  -1.0128296e-02  -2.5172097e-02  -2.3515464e-02
  -1.0043078e-02  -2.5203574e-02  -2.3151261e-02
  -9.8379221e-03  -2.5291109e-02  -2.3495330e-02
  -1.0212115e-02  -2.5342617e-02  -2.3383316e-02
  -1.0088170e-02  -2.5451347e-02  -2.3461864e-02
  -1.0424702e-02  -2.5477348e-02  -2.3582517e-02
  -9.9778143e-03  -2.5601096e-02  -2.3426472e-02
  -1.0490808e-02  -2.5589556e-02  -2.3635287e-02
  -1.0373211e-02  -2.5746220e-02  -2.3506362e-02
  -1.0297687e-02  -2.5817045e-02  -2.3598873e-02
  -1.0395934e-02  -2.5837202e-02  -2.3932949e-02
  -1.0753433e-02  -2.5960326e-02  -2.3578480e-02
  -1.0472785e-02  -2.6052793e-02  -2.3846992e-02
  -1.0895217e-02  -2.6059818e-02  -2.3686063e-02
  -1.0398787e-02  -2.6186133e-02  -2.3907210e-02
  -1.0727834e-02  -2.6182849e-02  -2.3872815e-02
  -1.0649718e-02  -2.6363374e-02  -2.3945431e-02
  -1.0951669e-02  -2.6375863e-02  -2.4052419e-02
  -1.1066933e-02  -2.6456295e-02  -2.3984150e-02
  -1.0749117e-02  -2.6535975e-02  -2.3899930e-02
  -1.1249638e-02  -2.6627320e-02  -2.4141347e-02
  -1.0776916e-02  -2.6642073e-02  -2.3962019e-02
  -1.1013556e-02  -2.6747993e-02  -2.4168724e-02
  -1.1236582e-02  -2.6834332e-02  -2.4144357e-02
  -1.1431933e-02  -2.6980707e-02  -2.4257996e-02
  -1.1285848e-02  -2.6946534e-02  -2.4264494e-02
  -1.1062885e-02  -2.7056786e-02  -2.4121722e-02
  -1.1646899e-02  -2.7107572e-02  -2.4442627e-02
  -1.1689631e-02  -2.7243315e-02  -2.4394635e-02
  -1.1089479e-02  -2.7248248e-02  -2.4389437e-02
  -1.1679282e-02  -2.7362223e-02  -2.4482809e-02
  -1.1881837e-02  -2.7401786e-02  -2.4416396e-02
  -1.1485239e-02  -2.7536126e-02  -2.4495697e-02
  -1.1607302e-02  -2.7570603e-02  -2.4704504e-02
  -1.1918330e-02  -2.7629377e-02  -2.4450104e-02
  -1.1993954e-02  -2.7756668e-02  -2.4671046e-02
  -1.1644913e-02  -2.7787254e-02  -2.4626181e-02
  -1.2091577e-02  -2.7815517e-02  -2.4683761e-02
  -1.2245455e-02  -2.7995608e-02  -2.4830669e-02
  -1.2134288e-02  -2.8000927e-02  -2.4729523e-02
  -1.1819652e-02  -2.8110588e-02  -2.4793338e-02
  -1.2430898e-02  -2.8167587e-02  -2.4907662e-02
  -1.2437589e-02  -2.8217445e-02  -2.4782639e-02
  -1.2234788e-02  -2.8321130e-02  -2.5135655e-02
  -1.2224056e-02  -2.8341798e-02  -2.4953863e-02
  -1.2737629e-02  -2.8494680e-02  -2.5011714e-02
  -1.2257719e-02  -2.8599035e-02  -2.5016353e-02
  -1.2530495e-02  -2.8568364e-02  -2.4986088e-02
  -1.2670009e-02  -2.8676599e-02  -2.5015646e-02
  -1.2788300e-02  -2.8822181e-02  -2.5455373e-02
  -1.2788236e-02  -2.8775016e-02  -2.5031236e-02
  -1.2809189e-02  -2.8948855e-02  -2.5326374e-02
  -1.3029031e-02  -2.8954867e-02  -2.5064810e-02
  -1.2995010e-02  -2.9114761e-02  -2.5402490e-02
  -1.2835874e-02  -2.9116536e-02  -2.5298811e-02
  -1.3191413e-02  -2.9178030e-02  -2.5295903e-02
  -1.3016276e-02  -2.9290058e-02  -2.5518144e-02
  -1.3251611e-02  -2.9396165e-02  -2.5759819e-02
  -1.3305032e-02  -2.9400583e-02  -2.5250012e-02
  -1.3323030e-02  -2.9512586e-02  -2.5554053e-02
  -1.3741275e-02  -2.9568155e-02  -2.5623842e-02
  -1.3199908e-02  -2.9685842e-02  -2.5797909e-02
  -1.3498464e-02  -2.9717120e-02  -2.5412771e-02
  -1.3879779e-02  -2.9825034e-02  -2.5823953e-02
  -1.3827379e-02  -2.9874581e-02  -2.5895845e-02
  -1.3823945e-02  -2.9959958e-02  -2.5891270e-02
  -1.3922589e-02  -3.0003089e-02  -2.5605756e-02
  -1.3816620e-02  -3.0118564e-02  -2.5976870e-02
  -1.3642910e-02  -3.0199052e-02  -2.5843157e-02
  -1.3911371e-02  -3.0219416e-02  -2.6004382e-02
  -1.3942295e-02  -3.0365384e-02  -2.5733117e-02
  -1.4536916e-02  -3.0351075e-02  -2.6259076e-02
  -1.3991327e-02  -3.0454985e-02  -2.6091155e-02
  -1.4122199e-02  -3.0561453e-02  -2.5891197e-02
  -1.4349543e-02  -3.0659407e-02  -2.6014828e-02
  -1.4582505e-02  -3.0688541e-02  -2.6344181e-02
  -1.4627032e-02  -3.0758018e-02  -2.6254551e-02
  -1.4472847e-02  -3.0827370e-02  -2.6213438e-02
  -1.4744182e-02  -3.0970361e-02  -2.6160686e-02
  -1.5061804e-02  -3.0961809e-02  -2.6600624e-02
  -1.4471566e-02  -3.1096653e-02  -2.6226981e-02
  -1.5006734e-02  -3.1142999e-02  -2.6315049e-02
  -1.4922774e-02  -3.1205586e-02  -2.6681961e-02
  -1.5095688e-02  -3.1274915e-02  -2.6427908e-02
  -1.4613621e-02  -3.1359724e-02  -2.6343197e-02
  -1.5475143e-02  -3.1471273e-02  -2.6486821e-02
  -1.5612673e-02  -3.1521656e-02  -2.7055303e-02
  -1.4696333e-02  -3.1589365e-02  -2.6352024e-02
  -1.5479005e-02  -3.1655359e-02  -2.6567064e-02
  -1.5613198e-02  -3.1736470e-02  -2.6836575e-02
  -1.5476393e-02  -3.1828851e-02  -2.6832152e-02
  -1.5557180e-02  -3.1894519e-02  -2.6811638e-02
  -1.5525596e-02  -3.1906391e-02  -2.6711397e-02
  -1.6122452e-02  -3.2071352e-02  -2.7093293e-02
  -1.5715544e-02  -3.2061696e-02  -2.7018848e-02
  -1.5730494e-02  -3.2194983e-02  -2.6567577e-02
  -1.6090079e-02  -3.2211822e-02  -2.7167353e-02
  -1.6194335e-02  -3.2373078e-02  -2.7293210e-02
  -1.6153024e-02  -3.2379486e-02  -2.7085026e-02
  -1.5950645e-02  -3.2461296e-02  -2.6879860e-02
  -1.6569020e-02  -3.2567229e-02  -2.7333712e-02
  -1.6306285e-02  -3.2634769e-02  -2.7120273e-02
  -1.6247427e-02  -3.2683936e-02  -2.7183067e-02
  -1.6405837e-02  -3.2790806e-02  -2.7241064e-02
  -1.6881398e-02  -3.2808862e-02  -2.7478555e-02
  -1.6739532e-02  -3.2926527e-02  -2.7416238e-02
  -1.6535393e-02  -3.2945032e-02  -2.7173484e-02
  -1.7049988e-02  -3.3077511e-02  -2.7542399e-02
  -1.6887819e-02  -3.3146514e-02  -2.7537097e-02
  -1.6590138e-02  -3.3179870e-02  -2.7207825e-02
  -1.7470931e-02  -3.3297098e-02  -2.7883267e-02
  -1.7181658e-02  -3.3355649e-02  -2.7584117e-02
  -1.6985080e-02  -3.3406690e-02  -2.7515086e-02
  -1.7541592e-02  -3.3502565e-02  -2.7813849e-02
  -1.7108258e-02  -3.3580450e-02  -2.7463807e-02
  -1.7677683e-02  -3.3697543e-02  -2.8008622e-02
  -1.7341256e-02  -3.3710949e-02  -2.7636556e-02
  -1.7927311e-02  -3.3761216e-02  -2.7904039e-02
  -1.7827922e-02  -3.3858341e-02  -2.7908872e-02
  -1.7681150e-02  -3.3953330e-02  -2.7842532e-02
  -1.7872586e-02  -3.3973519e-02  -2.7960246e-02
  -1.8147592e-02  -3.4104321e-02  -2.7960579e-02
  -1.7769872e-02  -3.4153823e-02  -2.7918976e-02
  -1.8464123e-02  -3.4224786e-02  -2.8293414e-02
  -1.8263726e-02  -3.4248635e-02  -2.7931737e-02
  -1.8496676e-02  -3.4368751e-02  -2.8288240e-02
  -1.8026695e-02  -3.4422001e-02  -2.7997793e-02
  -1.9016763e-02  -3.4531158e-02  -2.8482597e-02
  -1.8378703e-02  -3.4525376e-02  -2.8131238e-02
  -1.8748748e-02  -3.4722183e-02  -2.8368186e-02
  -1.8438357e-02  -3.4678182e-02  -2.8168620e-02
  -1.9172890e-02  -3.4798706e-02  -2.8586375e-02
  -1.8818076e-02  -3.4901156e-02  -2.8360500e-02
  -1.8762369e-02  -3.4922107e-02  -2.8223332e-02
  -1.9351008e-02  -3.5024649e-02  -2.8565665e-02
  -1.9326543e-02  -3.5081234e-02  -2.8826234e-02
  -1.8715289e-02  -3.5168857e-02  -2.8284481e-02
  -1.9832263e-02  -3.5226587e-02  -2.8651104e-02
  -1.9454993e-02  -3.5242839e-02  -2.8647477e-02
  -2.0024881e-02  -3.5371419e-02  -2.8882833e-02
  -1.8912908e-02  -3.5490138e-02  -2.8510641e-02
  -2.0173889e-02  -3.5430445e-02  -2.8749015e-02
  -1.9699868e-02  -3.5599607e-02  -2.8976392e-02
  -1.9716937e-02  -3.5623576e-02  -2.8804588e-02
  -2.0234114e-02  -3.5783279e-02  -2.8642818e-02
  -2.0229067e-02  -3.5715682e-02  -2.9058369e-02
  -2.0041776e-02  -3.5911269e-02  -2.9048969e-02
  -2.0276972e-02  -3.5895499e-02  -2.8930737e-02
  -2.0272209e-02  -3.6040548e-02  -2.8995794e-02
  -2.0766142e-02  -3.5998372e-02  -2.9018321e-02
  -2.0521882e-02  -3.6148812e-02  -2.9200817e-02
  -2.0957847e-02  -3.6203859e-02  -2.9265980e-02
  -2.0620816e-02  -3.6308387e-02  -2.8991648e-02
  -2.1030271e-02  -3.6289104e-02  -2.9338298e-02
  -2.0853700e-02  -3.6446868e-02  -2.9227486e-02
  -2.0826749e-02  -3.6442896e-02  -2.9269999e-02
  -2.1738210e-02  -3.6548023e-02  -2.9315844e-02
  -2.1169457e-02  -3.6586488e-02  -2.9509084e-02
  -2.1120839e-02  -3.6728392e-02  -2.9270114e-02
  -2.1564372e-02  -3.6765420e-02  -2.9508309e-02
  -2.1829631e-02  -3.6834887e-02  -2.9475185e-02
  -2.1166432e-02  -3.6854404e-02  -2.9466156e-02
  -2.2094565e-02  -3.6935632e-02  -2.9597270e-02
  -2.1619858e-02  -3.7037613e-02  -2.9525851e-02
  -2.2139887e-02  -3.7113056e-02  -2.9588892e-02
  -2.1911767e-02  -3.7162848e-02  -2.9800078e-02
  -2.2135701e-02  -3.7235210e-02  -2.9581066e-02
  -2.2326596e-02  -3.7257465e-02  -2.9920974e-02
  -2.2204833e-02  -3.7398033e-02  -2.9647133e-02
  -2.2440250e-02  -3.7404212e-02  -2.9759186e-02
  -2.2662278e-02  -3.7483439e-02  -2.9918273e-02
  -2.2403292e-02  -3.7618572e-02  -2.9911546e-02
  -2.3113599e-02  -3.7578867e-02  -2.9941960e-02
  -2.2901398e-02  -3.7705142e-02  -3.0007628e-02
  -2.2284841e-02  -3.7764104e-02  -2.9818000e-02
  -2.3862721e-02  -3.7830390e-02  -3.0211913e-02
  -2.3168315e-02  -3.7861278e-02  -2.9954534e-02
  -2.3427397e-02  -3.7914162e-02  -3.0278160e-02
  -2.3239741e-02  -3.8048334e-02  -2.9918686e-02
  -2.3840187e-02  -3.8078338e-02  -3.0419278e-02
  -2.3305909e-02  -3.8127630e-02  -2.9952597e-02
  -2.3922172e-02  -3.8236693e-02  -3.0406929e-02
  -2.3726220e-02  -3.8255794e-02  -3.0245376e-02
  -2.4445402e-02  -3.8386628e-02  -3.0389241e-02
  -2.3307053e-02  -3.8378633e-02  -3.0170755e-02
  -2.4472992e-02  -3.8526808e-02  -3.0451747e-02
  -2.3779521e-02  -3.8526213e-02  -3.0286443e-02
  -2.4419561e-02  -3.8600328e-02  -3.0626789e-02
  -2.4334419e-02  -3.8715949e-02  -3.0300594e-02
  -2.4493654e-02  -3.8693813e-02  -3.0726159e-02
  -2.4743774e-02  -3.8839119e-02  -3.0381312e-02
  -2.5004661e-02  -3.8753051e-02  -3.0658985e-02
  -2.4738253e-02  -3.8929973e-02  -3.0659964e-02
  -2.5022120e-02  -3.9031856e-02  -3.0561611e-02
  -2.5257264e-02  -3.9006133e-02  -3.0809234e-02
  -2.5488421e-02  -3.9090682e-02  -3.0765668e-02
  -2.5323546e-02  -3.9116784e-02  -3.0728668e-02
  -2.5033625e-02  -3.9265732e-02  -3.0826642e-02
  -2.6273086e-02  -3.9268318e-02  -3.0801217e-02
  -2.5135730e-02  -3.9341958e-02  -3.0840856e-02
  -2.6290947e-02  -3.9468292e-02  -3.0930444e-02
  -2.5552758e-02  -3.9464087e-02  -3.0809482e-02
  -2.6309688e-02  -3.9449421e-02  -3.1153318e-02
  -2.5617486e-02  -3.9640482e-02  -3.0850301e-02
  -2.6369608e-02  -3.9635635e-02  -3.1090913e-02
  -2.6589329e-02  -3.9716774e-02  -3.1025182e-02
  -2.6819202e-02  -3.9761778e-02  -3.1037402e-02
  -2.6116410e-02  -3.9841919e-02  -3.1119891e-02
  -2.7328332e-02  -3.9877566e-02  -3.1237567e-02
  -2.6179504e-02  -3.9929026e-02  -3.1090492e-02
  -2.7388985e-02  -4.0003738e-02  -3.1285742e-02
  -2.7110765e-02  -4.0061378e-02  -3.1183274e-02
  -2.7418125e-02  -4.0098771e-02  -3.1327256e-02
  -2.7162085e-02  -4.0195584e-02  -3.1228002e-02
  -2.6978802e-02  -4.0311020e-02  -3.1363660e-02
  -2.8137297e-02  -4.0207517e-02  -3.1418728e-02
  -2.7449723e-02  -4.0393703e-02  -3.1454036e-02
  -2.7704272e-02  -4.0334122e-02  -3.1398806e-02
  -2.7957069e-02  -4.0549754e-02  -3.1387440e-02
  -2.8226312e-02  -4.0466218e-02  -3.1508063e-02
  -2.7520039e-02  -4.0646505e-02  -3.1468737e-02
  -2.8257851e-02  -4.0621307e-02  -3.1618564e-02
  -2.8992857e-02  -4.0645843e-02  -3.1592744e-02
  -2.8731151e-02  -4.0703204e-02  -3.1576369e-02
  -2.8084104e-02  -4.0836937e-02  -3.1697557e-02
  -2.8798145e-02  -4.0806703e-02  -3.1554987e-02
  -2.9054610e-02  -4.0938804e-02  -3.1678914e-02
  -2.9321814e-02  -4.0906832e-02  -3.1914563e-02
  -2.9084809e-02  -4.1018553e-02  -3.1690676e-02
  -2.9375922e-02  -4.1061371e-02  -3.1776244e-02
  -2.9592916e-02  -4.1132155e-02  -3.1791610e-02
  -2.9379202e-02  -4.1161648e-02  -3.1881727e-02
  -2.9192124e-02  -4.1242239e-02  -3.1817451e-02
  -3.0399804e-02  -4.1203643e-02  -3.1883305e-02
  -3.0174751e-02  -4.1393938e-02  -3.1919770e-02
  -2.9960852e-02  -4.1359651e-02  -3.2024055e-02
  -2.9277521e-02  -4.1477237e-02  -3.1815049e-02
  -3.0478063e-02  -4.1463434e-02  -3.2109714e-02
  -3.0273009e-02  -4.1525874e-02  -3.2065018e-02
  -3.0995483e-02  -4.1528260e-02  -3.1970247e-02
  -3.0342775e-02  -4.1673981e-02  -3.2058697e-02
  -3.1527368e-02  -4.1637869e-02  -3.2245842e-02
  -3.0367267e-02  -4.1781310e-02  -3.1999878e-02
  -3.1118549e-02  -4.1719281e-02  -3.2266255e-02
  -3.0903844e-02  -4.1827735e-02  -3.2088876e-02
  -3.2119522e-02  -4.1866295e-02  -3.2251256e-02
  -3.0979765e-02  -4.1965633e-02  -3.2125380e-02
  -3.2171799e-02  -4.1943555e-02  -3.2259221e-02
  -3.1493290e-02  -4.2034426e-02  -3.2353903e-02
  -3.1766737e-02  -4.2025717e-02  -3.2271876e-02
  -3.1560211e-02  -4.2120479e-02  -3.2296779e-02
  -3.2305809e-02  -4.2170811e-02  -3.2415847e-02
  -3.2569912e-02  -4.2195253e-02  -3.2268384e-02
  -3.2372777e-02  -4.2291387e-02  -3.2463799e-02
  -3.2160175e-02  -4.2294020e-02  -3.2358344e-02
  -3.2912101e-02  -4.2255977e-02  -3.2516394e-02
  -3.2710459e-02  -4.2438978e-02  -3.2407268e-02
  -3.3000411e-02  -4.2340094e-02  -3.2542097e-02
  -3.3242319e-02  -4.2506746e-02  -3.2469126e-02
  -3.3521508e-02  -4.2556566e-02  -3.2514902e-02
  -3.3340447e-02  -4.2491831e-02  -3.2560713e-02
  -3.3130280e-02  -4.2599464e-02  -3.2612939e-02
  -3.3879286e-02  -4.2612492e-02  -3.2565490e-02
  -3.4149856e-02  -4.2621003e-02  -3.2708920e-02
  -3.3964585e-02  -4.2779019e-02  -3.2531560e-02
  -3.3783504e-02  -4.2686331e-02  -3.2748010e-02
  -3.4039396e-02  -4.2875180e-02  -3.2595682e-02
  -3.4329814e-02  -4.2857926e-02  -3.2709644e-02
  -3.4611336e-02  -4.2770382e-02  -3.2718223e-02
  -3.4411076e-02  -4.2995487e-02  -3.2690415e-02
  -3.4709923e-02  -4.2993063e-02  -3.2737294e-02
  -3.4995951e-02  -4.2902671e-02  -3.2791510e-02
  -3.4794586e-02  -4.3114133e-02  -3.2723219e-02
  -3.5537727e-02  -4.3013262e-02  -3.2887441e-02
  -3.5353934e-02  -4.3149047e-02  -3.2716595e-02
  -3.5187634e-02  -4.3153015e-02  -3.2837935e-02
  -3.5935072e-02  -4.3179688e-02  -3.2889101e-02
  -3.5289964e-02  -4.3209386e-02  -3.2876667e-02
  -3.6488453e-02  -4.3152120e-02  -3.2914700e-02
  -3.5852913e-02  -4.3311353e-02  -3.2846829e-02
  -3.6141354e-02  -4.3419061e-02  -3.2903163e-02
  -3.6897806e-02  -4.3222211e-02  -3.2979732e-02
  -3.5344062e-02  -4.3463011e-02  -3.2860086e-02
  -3.7000799e-02  -4.3385458e-02  -3.3039504e-02
  -3.7311866e-02  -4.3420021e-02  -3.2953442e-02
  -3.6659003e-02  -4.3426254e-02  -3.3004016e-02
  -3.7425537e-02  -4.3543307e-02  -3.2971545e-02
  -3.6805972e-02  -4.3615486e-02  -3.3035378e-02
  -3.7542446e-02  -4.3483384e-02  -3.3054410e-02
  -3.7839497e-02  -4.3580349e-02  -3.3052122e-02
  -3.6757714e-02  -4.3714021e-02  -3.3054896e-02
  -3.8889923e-02  -4.3637427e-02  -3.3033438e-02
  -3.7813043e-02  -4.3659536e-02  -3.3114115e-02
  -3.8097956e-02  -4.3721446e-02  -3.3132520e-02
  -3.8415122e-02  -4.3737544e-02  -3.3053247e-02
  -3.7789454e-02  -4.3807810e-02  -3.3045159e-02
  -3.9459554e-02  -4.3736322e-02  -3.3163575e-02
  -3.8398148e-02  -4.3891085e-02  -3.3167928e-02
  -3.8689547e-02  -4.3793225e-02  -3.3089676e-02
  -3.9451116e-02  -4.3895734e-02  -3.3120981e-02
  -3.8842164e-02  -4.3826196e-02  -3.3265529e-02
  -3.9617677e-02  -4.3883517e-02  -3.3140463e-02
  -3.8993169e-02  -4.4038253e-02  -3.3121412e-02
  -3.9299378e-02  -4.3994857e-02  -3.3148819e-02
  -4.0973712e-02  -4.3942345e-02  -3.3303075e-02
  -3.9016206e-02  -4.4082932e-02  -3.3127205e-02
  -4.0685492e-02  -4.3905381e-02  -3.3260007e-02
  -4.0077652e-02  -4.4074999e-02  -3.3275108e-02
  -4.0405750e-02  -4.4040088e-02  -3.3153172e-02
  -4.0704522e-02  -4.4167265e-02  -3.3215814e-02
  -4.0558470e-02  -4.4133169e-02  -3.3238563e-02
  -4.0886919e-02  -4.4146986e-02  -3.3238415e-02
  -4.1654712e-02  -4.4115586e-02  -3.3290574e-02
  -4.0612654e-02  -4.4097065e-02  -3.3219477e-02
  -4.1373492e-02  -4.4187339e-02  -3.3237962e-02
  -4.1685947e-02  -4.4274571e-02  -3.3205674e-02
  -4.1577636e-02  -4.4224519e-02  -3.3252838e-02
  -4.1878264e-02  -4.4212205e-02  -3.3310647e-02
  -4.2204994e-02  -4.4179025e-02  -3.3221969e-02
  -4.2073335e-02  -4.4296049e-02  -3.3262471e-02
  -4.2849617e-02  -4.4199588e-02  -3.3315010e-02
  -4.1827079e-02  -4.4362058e-02  -3.3224960e-02
  -4.2592207e-02  -4.4332721e-02  -3.3194965e-02
  -4.3367534e-02  -4.4229671e-02  -3.3356095e-02
  -4.2808508e-02  -4.4308729e-02  -3.3274154e-02
  -4.2687755e-02  -4.4411886e-02  -3.3207707e-02
  -4.3901622e-02  -4.4229802e-02  -3.3305085e-02
  -4.2891841e-02  -4.4442345e-02  -3.3280917e-02
  -4.3688481e-02  -4.4332136e-02  -3.3202738e-02
  -4.3976881e-02  -4.4314187e-02  -3.3233604e-02
  -4.3895441e-02  -4.4281795e-02  -3.3304262e-02
  -4.4225761e-02  -4.4524319e-02  -3.3268858e-02
  -4.4119261e-02  -4.4340032e-02  -3.3242055e-02
  -4.4021861e-02  -4.4452062e-02  -3.3232838e-02
  -4.5213499e-02  -4.4272760e-02  -3.3225905e-02
  -4.4252861e-02  -4.4525617e-02  -3.3229757e-02
  -4.5033258e-02  -4.4368520e-02  -3.3201133e-02
  -4.5777690e-02  -4.4371983e-02  -3.3307489e-02
  -4.4417904e-02  -4.4423246e-02  -3.3218816e-02
  -4.6024259e-02  -4.4464225e-02  -3.3165802e-02
  -4.5509403e-02  -4.4232943e-02  -3.3288215e-02
  -4.5417803e-02  -4.4553277e-02  -3.3150460e-02
  -4.6621166e-02  -4.4280415e-02  -3.3177142e-02
  -4.5682458e-02  -4.4515321e-02  -3.3195924e-02
  -4.6438301e-02  -4.4262830e-02  -3.3202259e-02
  -4.6788244e-02  -4.4448635e-02  -3.3141821e-02
  -4.5839182e-02  -4.4406630e-02  -3.3117596e-02
  -4.7077451e-02  -4.4434685e-02  -3.3171835e-02
  -4.6963074e-02  -4.4307786e-02  -3.3165023e-02
  -4.7316085e-02  -4.4444375e-02  -3.3061364e-02
  -4.7259125e-02  -4.4362443e-02  -3.3109550e-02
  -4.6743432e-02  -4.4472070e-02  -3.3140297e-02
  -4.8366900e-02  -4.4234345e-02  -3.3112224e-02
  -4.7469995e-02  -4.4535882e-02  -3.3039734e-02
  -4.7796754e-02  -4.4271119e-02  -3.3119409e-02
  -4.8587390e-02  -4.4267805e-02  -3.2995871e-02
  -4.8490311e-02  -4.4255968e-02  -3.2996444e-02
  -4.8054157e-02  -4.4431418e-02  -3.3052827e-02
  -4.8407876e-02  -4.4333497e-02  -3.3022177e-02
  -4.8745321e-02  -4.4238415e-02  -3.2994052e-02
  -4.9537174e-02  -4.4249287e-02  -3.2920150e-02
  -4.8642912e-02  -4.4351079e-02  -3.2975903e-02
  -4.9812356e-02  -4.4125944e-02  -3.2891452e-02
  -4.9355515e-02  -4.4259880e-02  -3.2916840e-02
  -4.9332745e-02  -4.4261652e-02  -3.2967321e-02
  -5.0050320e-02  -4.4244009e-02  -3.2859752e-02
  -4.9631857e-02  -4.4155635e-02  -3.2834150e-02
  -5.0418378e-02  -4.4159494e-02  -3.2867739e-02
  -5.0738468e-02  -4.4151786e-02  -3.2764197e-02
  -5.0318680e-02  -4.4108594e-02  -3.2846840e-02
  -5.0659042e-02  -4.4143918e-02  -3.2760007e-02
  -5.0670146e-02  -4.4074019e-02  -3.2772441e-02
  -5.1029930e-02  -4.4052387e-02  -3.2751409e-02
  -5.1349414e-02  -4.4090978e-02  -3.2661675e-02
  -5.1002743e-02  -4.4068821e-02  -3.2773214e-02
  -5.2125289e-02  -4.3969832e-02  -3.2634724e-02
  -5.1643223e-02  -4.3897322e-02  -3.2549911e-02
  -5.2087663e-02  -4.3936243e-02  -3.2687076e-02
  -5.1998160e-02  -4.3934054e-02  -3.2517871e-02
  -5.2474371e-02  -4.3861969e-02  -3.2624178e-02
  -5.1968728e-02  -4.3969616e-02  -3.2518650e-02
  -5.2782149e-02  -4.3851220e-02  -3.2501850e-02
  -5.3147183e-02  -4.3737851e-02  -3.2510162e-02
  -5.3063537e-02  -4.3660038e-02  -3.2341897e-02
  -5.3153125e-02  -4.3844558e-02  -3.2468266e-02
  -5.2720899e-02  -4.3831021e-02  -3.2440117e-02
  -5.3847836e-02  -4.3564659e-02  -3.2345310e-02
  -5.3512771e-02  -4.3741206e-02  -3.2348276e-02
  -5.3794767e-02  -4.3491867e-02  -3.2226247e-02
  -5.4273912e-02  -4.3667857e-02  -3.2333226e-02
  -5.4206527e-02  -4.3454994e-02  -3.2196536e-02
  -5.3811309e-02  -4.3587511e-02  -3.2179770e-02
  -5.5028502e-02  -4.3490580e-02  -3.2176622e-02
  -5.4592449e-02  -4.3322731e-02  -3.2076441e-02
  -5.5389296e-02  -4.3378618e-02  -3.2185931e-02
  -5.4591724e-02  -4.3389682e-02  -3.1977423e-02
  -5.5424373e-02  -4.3317223e-02  -3.2142698e-02
  -5.5765392e-02  -4.3270678e-02  -3.1929012e-02
  -5.5752867e-02  -4.3096233e-02  -3.1917535e-02
  -5.5413398e-02  -4.3345462e-02  -3.1949258e-02
  -5.6586488e-02  -4.3055838e-02  -3.1869674e-02
  -5.5816085e-02  -4.3063901e-02  -3.1872946e-02
  -5.6471974e-02  -4.2905332e-02  -3.1688746e-02
  -5.6898547e-02  -4.2698813e-02  -3.1591408e-02
  -5.6969701e-02  -4.2768837e-02  -3.1718890e-02
  -5.3650707e-02  -4.2974858e-02  -3.1967450e-02
